2800.000000
1320.554737
652.478757
587.269212
580.431316
472.986542
821.489472
501.556430
722.385641
2008.024438
716.641211
376.565949
337.417271
378.080065
2247.623181
617.079645
508.918000
648.132356
370.603024
928.264765
258.505387
201.396470
177.315560
166.500711
167.656706
196.198430
651.425035
218.399040
144.959502
120.223695
106.366049
96.878708
89.677376
83.869801
79.000671
74.808251
71.128556
67.851961
64.901402
62.220505
59.766684
57.506904
55.414977
53.469755
51.653892
49.952966
48.354849
46.849237
45.427295
44.081391
42.804884
41.591957
40.437486
39.336937
38.286274
37.281890
36.320549
35.399338
34.515623
33.667016
32.851343
32.066625
31.311047
30.582948
29.880800
29.203196
28.548834
27.916513
27.305118
26.713611
26.141031
25.586477
25.049113
24.528152
24.022863
23.532554
23.056581
22.594336
22.145245
21.708770
21.284402
20.871660
20.470090
20.079262
19.698769
19.328222
18.967258
18.615525
18.272694
17.938450
17.612491
17.294533
16.984303
16.681541
16.385997
16.097435
15.815628
15.540360
15.271421
15.008613
14.751746
14.500637
14.255110
14.014998
13.780138
13.550376
13.325562
13.105554
12.890212
12.679406
12.473006
12.270890
12.072939
11.879039
11.689080
11.502956
11.320565
11.141807
10.966587
10.794813
10.626396
10.461250
10.299291
10.140439
9.984617
9.831749
9.681762
9.534585
9.390151
9.248393
9.109248
8.972652
8.838547
8.706872
8.577573
8.450594
8.325881
8.203384
8.083051
7.964835
7.848687
7.734563
7.622416
7.512205
7.403886
7.297418
7.192763
7.089881
6.988734
6.889285
6.791500
6.695343
6.600781
6.507780
6.416308
6.326335
6.237830
6.150762
6.065105
5.980828
5.897905
5.816309
5.736014
5.656995
5.579226
5.502684
5.427344
5.353185
5.280183
5.208317
5.137564
5.067905
4.999318
4.931784
4.865283
4.799797
4.735306
4.671793
4.609239
4.547628
4.486942
4.427165
4.368280
4.310272
4.253126
4.196825
4.141356
4.086703
4.032853
3.979792
3.927505
3.875980
3.825204
3.775163
3.725846
3.677240
3.629333
3.582114
3.535570
3.489691
3.444466
3.399884
3.355933
3.312605
3.269888
3.227773
3.186250
3.145309
3.104941
3.065137
3.025888
2.987184
2.949018
2.911380
2.874262
2.837657
2.801555
2.765950
2.730833
2.696197
2.662034
2.628337
2.595099
2.562313
2.529971
2.498068
2.466596
2.435548
2.404919
2.374702
2.344891
2.315480
2.286462
2.257832
2.229584
2.201712
2.174211
2.147076
2.120300
2.093879
2.067807
2.042080
2.016692
1.991638
1.966913
1.942514
1.918434
1.894669
1.871215
1.848068
1.825222
1.802675
1.780420
1.758454
1.736774
1.715375
1.694252
1.673403
1.652823
1.632509
1.612456
1.592662
1.573121
1.553832
1.534791
1.515993
1.497436
1.479116
1.461030
1.443175
1.425547
1.408144
1.390962
1.373999
1.357251
1.340715
1.324389
1.308270
1.292355
1.276640
1.261124
1.245804
1.230677
1.215740
1.200991
1.186427
1.172047
1.157846
1.143824
1.129978
1.116305
1.102802
1.089469
1.076302
1.063299
1.050459
1.037778
1.025255
1.012888
1.000675
0.988614
