2800.000000
1418.146494
918.000359
671.103104
527.280382
431.134607
363.904197
314.721726
276.962165
247.030330
222.693031
202.514576
185.513487
170.994503
158.451296
147.507458
137.877220
129.339125
121.718700
114.876629
108.700366
103.098038
97.993923
93.325051
89.038627
85.090047
81.441364
78.060083
74.918214
71.991509
69.258857
66.701790
64.304082
62.051416
59.931116
57.931917
56.043778
54.257720
52.565695
50.960465
49.435509
47.984937
46.603416
45.286108
44.028616
42.826935
41.677409
40.576696
39.521737
38.509724
37.538078
36.604422
35.706569
34.842497
34.010336
33.208356
32.434950
31.688629
30.968005
30.271787
29.598770
28.947831
28.317919
27.708050
27.117303
26.544813
25.989767
25.451404
24.929004
24.421891
23.929427
23.451010
22.986070
22.534070
22.094501
21.666880
21.250749
20.845676
20.451248
20.067074
19.692782
19.328017
18.972443
18.625738
18.287596
17.957724
17.635843
17.321688
17.015002
16.715543
16.423078
16.137382
15.858243
15.585456
15.318824
15.058159
14.803280
14.554013
14.310192
14.071657
13.838252
13.609832
13.386251
13.167375
12.953069
12.743208
12.537668
12.336332
12.139084
11.945816
11.756421
11.570797
11.388845
11.210469
11.035577
10.864080
10.695891
10.530928
10.369109
10.210356
10.054594
9.901751
9.751754
9.604535
9.460028
9.318169
9.178895
9.042145
8.907861
8.775986
8.646464
8.519242
8.394268
8.271491
8.150863
8.032334
7.915860
7.801395
7.688896
7.578319
7.469624
7.362770
7.257718
7.154430
7.052869
6.952999
6.854785
6.758192
6.663188
6.569740
6.477816
6.387385
6.298419
6.210887
6.124760
6.040012
5.956615
5.874543
5.793770
5.714271
5.636021
5.558996
5.483174
5.408531
5.335045
5.262694
5.191458
5.121315
5.052245
4.984229
4.917247
4.851280
4.786310
4.722318
4.659288
4.597202
4.536043
4.475795
4.416441
4.357966
4.300355
4.243592
4.187662
4.132552
4.078246
4.024732
3.971995
3.920023
3.868802
3.818319
3.768563
3.719521
3.671182
3.623532
3.576562
3.530259
3.484613
3.439613
3.395248
3.351508
3.308384
3.265864
3.223939
3.182600
3.141837
3.101641
3.062003
3.022915
2.984366
2.946350
2.908857
2.871880
2.835409
2.799439
2.763960
2.728965
2.694446
2.660397
2.626810
2.593678
2.560994
2.528751
2.496943
2.465563
2.434604
2.404061
2.373926
2.344194
2.314860
2.285916
2.257357
2.229178
2.201372
2.173935
2.146861
2.120144
2.093780
2.067763
2.042088
2.016750
1.991745
1.967067
1.942712
1.918675
1.894952
1.871538
1.848429
1.825620
1.803107
1.780886
1.758952
1.737303
1.715933
1.694839
1.674016
1.653462
1.633172
1.613143
1.593371
1.573852
1.554583
1.535560
1.516781
1.498241
1.479938
1.461867
1.444027
1.426414
1.409024
1.391854
1.374903
1.358166
1.341640
1.325324
1.309213
1.293306
1.277600
1.262091
1.246777
1.231656
1.216725
1.201981
1.187422
1.173045
1.158849
1.144830
1.130986
1.117316
1.103815
1.090484
1.077318
1.064316
1.051476
1.038796
1.026273
1.013906
1.001692
0.989630
