2800.000000
1573.946943
1190.604012
1014.390896
635.219205
502.605065
420.503464
363.257702
321.088161
289.147208
264.995124
247.782291
238.507526
243.727828
312.523008
493.939528
226.742592
183.762524
161.966499
147.145174
135.729951
126.361375
118.386082
111.438280
105.289837
99.786745
94.818671
90.302911
86.175271
82.384551
78.889034
75.654145
72.650834
69.854421
67.243740
64.800500
62.508791
60.354688
58.325950
56.411761
54.602530
52.889717
51.265694
49.723628
48.257375
46.861400
45.530699
44.260741
43.047412
41.886965
40.775987
39.711354
38.690207
37.709923
36.768090
35.862486
34.991062
34.151923
33.343317
32.563618
31.811317
31.085010
30.383392
29.705243
29.049426
28.414878
27.800603
27.205669
26.629200
26.070374
25.528418
25.002605
24.492250
23.996705
23.515361
23.047641
22.593000
22.150921
21.720916
21.302521
20.895295
20.498823
20.112706
19.736567
19.370047
19.012805
18.664513
18.324863
17.993557
17.670312
17.354859
17.046939
16.746305
16.452720
16.165960
15.885807
15.612054
15.344501
15.082958
14.827243
14.577178
14.332597
14.093335
13.859238
13.630155
13.405943
13.186462
12.971580
12.761167
12.555099
12.353257
12.155526
11.961795
11.771957
11.585908
11.403548
11.224781
11.049514
10.877657
10.709123
10.543828
10.381690
10.222631
10.066574
9.913446
9.763176
9.615694
9.470934
9.328830
9.189320
9.052343
8.917840
8.785752
8.656026
8.528606
8.403441
8.280479
8.159671
8.040970
7.924328
7.809700
7.697043
7.586313
7.477469
7.370471
7.265279
7.161856
7.060163
6.960164
6.861825
6.765111
6.669989
6.576426
6.484390
6.393850
6.304777
6.217142
6.130914
6.046068
5.962574
5.880408
5.799543
5.719954
5.641617
5.564507
5.488601
5.413876
5.340309
5.267880
5.196567
5.126349
5.057206
4.989117
4.922064
4.856028
4.790990
4.726933
4.663837
4.601687
4.540465
4.480155
4.420741
4.362207
4.304537
4.247717
4.191731
4.136565
4.082205
4.028637
3.975848
3.923824
3.872553
3.822021
3.772215
3.723125
3.674738
3.627042
3.580025
3.533677
3.487987
3.442943
3.398535
3.354753
3.311586
3.269025
3.227060
3.185681
3.144879
3.104644
3.064968
3.025841
2.987256
2.949203
2.911674
2.874661
2.838156
2.802151
2.766638
2.731609
2.697058
2.662976
2.629357
2.596193
2.563478
2.531204
2.499365
2.467955
2.436967
2.406394
2.376231
2.346471
2.317108
2.288136
2.259550
2.231344
2.203512
2.176049
2.148948
2.122206
2.095817
2.069775
2.044075
2.018714
1.993684
1.968983
1.944605
1.920545
1.896799
1.873362
1.850231
1.827400
1.804866
1.782623
1.760669
1.738999
1.717608
1.696494
1.675651
1.655078
1.634768
1.614720
1.594928
1.575391
1.556103
1.537062
1.518265
1.499707
1.481386
1.463299
1.445441
1.427810
1.410404
1.393218
1.376250
1.359497
1.342956
1.326623
1.310497
1.294575
1.278853
1.263329
1.248001
1.232865
1.217919
1.203161
1.188588
1.174198
1.159987
1.145955
1.132098
1.118414
1.104901
1.091556
1.078377
1.065363
1.052511
1.039818
1.027283
1.014904
1.002678
0.990604
