2800.000000
1383.209388
1945.570990
7993.776656
737.690055
581.923418
410.293679
456.391471
1061.524341
1058.376958
385.742112
292.806021
253.265299
232.510113
222.274970
220.867505
231.103409
267.209470
445.150242
1285.204233
313.946501
229.902378
207.033601
207.029569
233.365646
353.867981
16814.342500
289.431747
204.697115
178.629913
176.459217
216.871721
2202.325606
192.272976
140.017311
119.042653
106.601534
97.864048
91.139416
85.665952
81.042611
77.034502
73.492987
70.318317
67.440400
64.808111
62.383007
60.135421
58.041955
56.083803
54.245597
52.514597
50.880106
49.333041
47.865607
46.471061
45.143515
43.877794
42.669318
41.514012
40.408226
39.348681
38.332410
37.356725
36.419178
35.517532
34.649736
33.813906
33.008305
32.231330
31.481494
30.757419
30.057824
29.381513
28.727373
28.094363
27.481508
26.887894
26.312663
25.755010
25.214176
24.689447
24.180148
23.685643
23.205331
22.738643
22.285041
21.844014
21.415079
20.997776
20.591669
20.196343
19.811404
19.436476
19.071202
18.715240
18.368266
18.029969
17.700054
17.378236
17.064246
16.757824
16.458724
16.166707
15.881548
15.603028
15.330940
15.065081
14.805262
14.551298
14.303010
14.060231
13.822795
13.590546
13.363333
13.141009
12.923436
12.710478
12.502006
12.297894
12.098021
11.902271
11.710532
11.522696
11.338658
11.158317
10.981576
10.808340
10.638519
10.472025
10.308772
10.148679
9.991666
9.837655
9.686573
9.538347
9.392908
9.250187
9.110119
8.972641
8.837692
8.705210
8.575139
8.447423
8.322006
8.198836
8.077862
7.959034
7.842303
7.727623
7.614948
7.504233
7.395435
7.288513
7.183425
7.080133
6.978598
6.878781
6.780647
6.684161
6.589287
6.495992
6.404244
6.314010
6.225260
6.137963
6.052090
5.967612
5.884501
5.802730
5.722272
5.643102
5.565194
5.488523
5.413066
5.338799
5.265699
5.193744
5.122912
5.053182
4.984532
4.916944
4.850396
4.784870
4.720346
4.656806
4.594233
4.532608
4.471915
4.412136
4.353255
4.295255
4.238122
4.181840
4.126393
4.071768
4.017949
3.964922
3.912675
3.861192
3.810462
3.760470
3.711205
3.662655
3.614806
3.567647
3.521166
3.475353
3.430195
3.385683
3.341804
3.298550
3.255909
3.213871
3.172427
3.131567
3.091281
3.051560
3.012395
2.973777
2.935697
2.898147
2.861118
2.824602
2.788591
2.753077
2.718052
2.683508
2.649438
2.615834
2.582690
2.549998
2.517751
2.485943
2.454566
2.423614
2.393080
2.362959
2.333243
2.303927
2.275005
2.246471
2.218319
2.190543
2.163138
2.136098
2.109417
2.083091
2.057114
2.031481
2.006188
1.981228
1.956597
1.932291
1.908304
1.884632
1.861270
1.838215
1.815461
1.793004
1.770840
1.748965
1.727374
1.706064
1.685031
1.664270
1.643778
1.623551
1.603585
1.583876
1.564422
1.545218
1.526261
1.507547
1.489073
1.470836
1.452833
1.435060
1.417513
1.400191
1.383089
1.366205
1.349536
1.333079
1.316830
1.300788
1.284949
1.269310
1.253870
1.238624
1.223571
1.208707
1.194031
1.179540
1.165231
1.151102
1.137150
1.123373
1.109769
1.096336
1.083070
1.069971
1.057035
1.044261
1.031646
1.019188
1.006885
0.994736
