2800.000000
3081.753486
2388.863931
1100.627005
1637.749915
1353.427010
686.828180
1348.396142
1047.340563
958.285715
547.356034
1701.678747
576.381506
1074.812529
435.145874
384.329730
1238.705490
585.886411
777.503271
390.799833
463.083538
541.608015
801.856854
798.513439
494.044031
395.263018
885.057436
629.013252
322.442148
292.089138
542.753017
301.556276
210.211483
185.914721
185.781145
238.696237
687.671524
184.910258
139.734192
121.193684
111.772007
108.322455
111.723643
130.462119
238.564271
288.248417
122.434034
90.367146
75.993646
67.334014
61.350938
57.213828
54.074681
51.635264
50.094255
48.933310
48.316552
48.091126
48.313381
48.899710
50.050064
51.794158
54.226042
57.054004
60.166372
63.631029
67.544766
72.050987
77.373975
83.891489
92.308813
104.155406
123.636743
168.914348
678.552801
218.486309
163.347184
159.968251
177.888494
243.125707
1090.734246
259.576955
268.906368
500.554245
9022.220591
316.219249
268.407552
328.833848
582.523372
291.860382
305.241377
503.288503
841.712449
736.798823
519.826582
473.356271
276.907761
239.504187
234.267294
255.461588
340.454567
2172.582519
497.718748
2058.296511
315.214791
287.474364
393.342863
2394.444664
316.709816
263.634364
651.901621
245.087325
161.028466
130.361735
112.517374
100.185876
90.881814
83.480390
77.380727
72.225107
67.783719
63.900360
60.464150
57.393621
54.627216
52.117334
49.826434
47.724416
45.786788
43.993377
42.327373
40.774636
39.323163
37.962684
36.684352
35.480491
34.344404
33.270218
32.252752
31.287417
30.370132
29.497250
28.665503
27.871950
27.113937
26.389061
25.695140
25.030189
24.392395
23.780099
23.191781
22.626043
22.081599
21.557260
21.051931
20.564594
20.094306
19.640193
19.201439
18.777285
18.367022
17.969988
17.585565
17.213170
16.852260
16.502325
16.162882
15.833481
15.513695
15.203123
14.901385
14.608123
14.322998
14.045690
13.775896
13.513327
13.257710
13.008786
12.766309
12.530045
12.299769
12.075271
11.856348
11.642807
11.434465
11.231145
11.032680
10.838910
10.649683
10.464850
10.284272
10.107814
9.935348
9.766751
9.601903
9.440692
9.283008
9.128747
8.977808
8.830094
8.685513
8.543974
8.405392
8.269684
8.136769
8.006572
7.879018
7.754035
7.631555
7.511510
7.393837
7.278474
7.165361
7.054440
6.945654
6.838951
6.734278
6.631583
6.530819
6.431938
6.334895
6.239643
6.146142
6.054349
5.964223
5.875727
5.788820
5.703468
5.619634
5.537284
5.456384
5.376901
5.298804
5.222061
5.146644
5.072523
4.999670
4.928057
4.857657
4.788446
4.720397
4.653486
4.587689
4.522984
4.459346
4.396755
4.335189
4.274627
4.215048
4.156434
4.098763
4.042019
3.986182
3.931235
3.877160
3.823940
3.771558
3.719999
3.669247
3.619286
3.570101
3.521677
3.474001
3.427058
3.380835
3.335318
3.290494
3.246351
3.202876
3.160057
3.117882
3.076340
3.035418
2.995107
2.955395
2.916272
2.877727
2.839750
2.802331
2.765461
2.729130
2.693329
2.658048
2.623279
2.589012
2.555241
2.521955
2.489148
2.456810
2.424934
2.393513
2.362538
2.332003
2.301901
2.272223
2.242963
2.214115
2.185672
2.157627
2.129973
2.102705
2.075816
2.049301
2.023153
1.997366
1.971935
1.946855
1.922119
1.897722
1.873659
1.849925
1.826515
1.803424
1.780646
1.758178
1.736014
1.714149
1.692579
1.671300
1.650308
1.629597
1.609163
1.589004
1.569113
1.549488
1.530125
1.511019
1.492166
1.473564
1.455208
1.437094
1.419220
1.401581
1.384175
1.366997
1.350045
1.333315
1.316804
1.300509
1.284426
1.268554
1.252888
1.237425
1.222164
1.207100
1.192232
1.177556
1.163070
1.148771
1.134656
1.120723
1.106970
1.093393
1.079990
1.066759
1.053698
1.040804
1.028074
1.015507
1.003101
0.990852
