2800
1799.83
1335.55
1879.61
871.185
692.71
535.981
544.198
591.18
741.377
386.479
477.267
295.855
363.851
542.117
322.627
388.134
309.893
316.448
455.626
227.051
214.184
241.163
235.993
193.563
198.115
2682.18
220.763
152.225
138.596
170.175
138.28
406.06
112.902
103.086
105.48
165.814
90.8356
81.6237
76.495
72.8817
70.2938
68.8296
69.6817
83.4104
88.8923
63.6776
57.6506
54.2253
51.6844
49.5888
47.8152
46.2384
44.812
43.5611
42.4086
41.3752
40.4365
39.5983
38.8465
38.2077
37.6843
37.2881
36.9758
36.7301
36.5593
36.476
36.4996
36.6609
37.0129
37.6554
38.806
41.0647
47.0252
119.339
53.1383
44.799
43.8679
45.9929
54.8902
175.567
56.4319
57.3776
90.0939
1307.11
63.0385
55.862
64.1573
100.071
58.2278
59.8282
87.8174
135.868
120.592
89.3155
82.4029
54.0716
48.4674
47.4647
50.244
62.1433
323.639
84.1412
306.855
57.6221
53.4432
68.3562
354.021
57.0003
49.2207
104.494
46.1889
33.9956
29.4336
26.7072
24.7721
23.2731
22.0494
21.0151
20.119
19.3281
18.6201
17.979
17.3932
16.8537
16.3537
15.8877
15.4514
15.0412
14.6541
14.2877
13.94
13.6091
13.2934
12.9918
12.703
12.4261
12.16
11.9042
11.6577
11.4201
11.1908
10.9692
10.7548
10.5473
10.3463
10.1515
9.96238
9.77881
9.60048
9.42713
9.25852
9.09445
8.93471
8.77912
8.62749
8.47967
8.33549
8.19483
8.05753
7.92348
7.79256
7.66464
7.53963
7.41741
7.2979
7.18101
7.06664
6.95472
6.84516
6.7379
6.63285
6.52996
6.42916
6.33039
6.23358
6.13868
6.04564
5.95441
5.86493
5.77715
5.69104
5.60654
5.52362
5.44223
5.36234
5.2839
5.20688
5.13125
5.05696
4.984
4.91231
4.84189
4.77269
4.70469
4.63785
4.57216
4.50759
4.4441
4.38169
4.32032
4.25997
4.20061
4.14224
4.08482
4.02834
3.97277
3.9181
3.86431
3.81139
3.7593
3.70804
3.65759
3.60793
3.55905
3.51094
3.46357
3.41693
3.37101
3.3258
3.28128
3.23743
3.19426
3.15173
3.10985
3.0686
3.02796
2.98793
2.9485
2.90965
2.87137
2.83366
2.7965
2.75989
2.72381
2.68825
2.65322
2.61869
2.58465
2.55111
2.51805
2.48546
2.45334
2.42167
2.39045
2.35968
2.32934
2.29943
2.26993
2.24086
2.21218
2.18391
2.15604
2.12855
2.10144
2.0747
2.04834
2.02234
1.99669
1.9714
1.94646
1.92185
1.89758
1.87364
1.85003
1.82673
1.80375
1.78109
1.75872
1.73666
1.71489
1.69342
1.67223
1.65133
1.63071
1.61036
1.59028
1.57046
1.55091
1.53162
1.51259
1.4938
1.47526
1.45697
1.43891
1.4211
1.40351
1.38616
1.36903
1.35213
1.33544
1.31898
1.30272
1.28668
1.27085
1.25522
1.23979
1.22456
0.929479
0.91801
0.906691
0.616178
0.608514
0.60095
0.593487
0.586121
0.578853
0.571679
0.424209
0.418915
0.413692
0.408537
0.403451
0.398432
0.39348
0.248002
0.244878
0.241797
0.238757
0.235758
0.2328
0.22988
0.227001
0.224159
0.221355
0.218589
0.21586
0.213167
0.210509
0.207887
0.205299
0.202746
0.200226
0.197739
0.195285
0.192864
0.190474
0.188115
0.185787
0.183489
0.181222
0.178984
0.176775
0.174595
0.172443
0.170319
0.168222
0.166153
0.16411
0.162094
0.160103
0.158139
0.156199
0.154284
0.152394
0.150528
0.148686
0.146868
0.145072
0.1433
0.14155
