2800.000000
1369.388976
897.693437
664.042307
524.889283
432.607226
366.992959
317.989843
280.020486
249.755807
225.085743
204.603457
187.334600
172.584023
159.843043
148.731030
138.957541
130.297115
122.572068
115.640475
109.387594
103.719656
98.559279
93.842042
89.513884
85.529108
81.848829
78.439755
75.273223
72.324424
69.571786
66.996464
64.581926
62.313613
60.178656
58.165643
56.264416
54.465910
52.762008
51.145426
49.609604
48.148625
46.757138
45.430288
44.163667
42.953258
41.795399
40.686739
39.624211
38.604998
37.626512
36.686369
35.782371
34.912486
34.074834
33.267673
32.489387
31.738474
31.013534
30.313265
29.636451
28.981957
28.348720
27.735745
27.142099
26.566908
26.009349
25.468649
24.944079
24.434954
23.940626
23.460485
22.993952
22.540483
22.099560
21.670694
21.253421
20.847301
20.451914
20.066865
19.691776
19.326287
18.970056
18.622757
18.284079
17.953727
17.631417
17.316879
17.009855
16.710097
16.417371
16.131450
15.852117
15.579166
15.312397
15.051620
14.796653
14.547319
14.303450
14.064885
13.831468
13.603049
13.379484
13.160635
12.946369
12.736557
12.531076
12.329806
12.132633
11.939446
11.750138
11.564606
11.382750
11.204475
11.029687
10.858297
10.690218
10.525367
10.363661
10.205024
10.049378
9.896651
9.746772
9.599670
9.455281
9.313539
9.174381
9.037748
8.903579
8.771818
8.642410
8.515300
8.390437
8.267769
8.147249
8.028827
7.912458
7.798097
7.685699
7.575222
7.466625
7.359867
7.254910
7.151715
7.050245
6.950464
6.852337
6.755830
6.660909
6.567542
6.475698
6.385346
6.296456
6.208998
6.122945
6.038268
5.954940
5.872935
5.792228
5.712793
5.634605
5.557641
5.481878
5.407293
5.333863
5.261567
5.190383
5.120292
5.051272
4.983305
4.916370
4.850449
4.785523
4.721576
4.658588
4.596542
4.535423
4.475213
4.415897
4.357458
4.299882
4.243152
4.187256
4.132177
4.077902
4.024418
3.971710
3.919766
3.868572
3.818116
3.768385
3.719367
3.671051
3.623424
3.576476
3.530194
3.484569
3.439589
3.395243
3.351522
3.308415
3.265912
3.224004
3.182680
3.141933
3.101752
3.062128
3.023053
2.984517
2.946513
2.909033
2.872067
2.835608
2.799647
2.764178
2.729193
2.694684
2.660644
2.627065
2.593941
2.561265
2.529030
2.497228
2.465855
2.434903
2.404365
2.374236
2.344510
2.315180
2.286241
2.257687
2.229512
2.201711
2.174277
2.147207
2.120493
2.094132
2.068118
2.042446
2.017111
1.992108
1.967432
1.943079
1.919044
1.895322
1.871909
1.848801
1.825993
1.803481
1.781261
1.759328
1.737679
1.716310
1.695216
1.674394
1.653840
1.633550
1.613520
1.593748
1.574228
1.554959
1.535936
1.517156
1.498615
1.480311
1.462240
1.444398
1.426783
1.409392
1.392222
1.375269
1.358531
1.342004
1.325686
1.309574
1.293665
1.277957
1.262447
1.247131
1.232008
1.217075
1.202330
1.187769
1.173391
1.159192
1.145171
1.131326
1.117653
1.104151
1.090817
1.077649
1.064645
1.051803
1.039121
1.026596
1.014226
1.002010
0.989946
