2800.000000
1377.522318
906.260063
672.289795
533.245777
441.536722
376.597578
327.938111
290.117973
259.888141
235.157505
214.533294
197.060478
182.061806
169.042914
157.634286
147.553921
138.582700
130.547668
123.310386
116.758645
110.800450
105.359607
100.372426
95.785232
91.552451
87.635129
83.999764
80.617390
77.462830
74.514102
71.751930
69.159345
66.721353
64.424660
62.257437
60.209132
58.270301
56.432467
54.688004
53.030032
51.452329
49.949257
48.515692
47.146971
45.838840
44.587409
43.389118
42.240698
41.139145
40.081695
39.065796
38.089091
37.149402
36.244707
35.373133
34.532938
33.722500
32.940309
32.184957
31.455128
30.749591
30.067194
29.406857
28.767567
28.148372
27.548377
26.966740
26.402668
25.855412
25.324267
24.808566
24.307677
23.821006
23.347986
22.888082
22.440788
22.005621
21.582123
21.169861
20.768420
20.377408
19.996449
19.625186
19.263280
18.910405
18.566253
18.230526
17.902942
17.583231
17.271135
16.966406
16.668807
16.378111
16.094101
15.816568
15.545312
15.280142
15.020872
14.767327
14.519336
14.276735
14.039368
13.807082
13.579734
13.357182
13.139291
12.925932
12.716980
12.512313
12.311815
12.115374
11.922882
11.734233
11.549327
11.368066
11.190355
11.016105
10.845225
10.677632
10.513243
10.351977
10.193759
10.038513
9.886166
9.736649
9.589894
9.445835
9.304409
9.165552
9.029206
8.895312
8.763814
8.634657
8.507788
8.383154
8.260707
8.140398
8.022179
7.906003
7.791828
7.679608
7.569302
7.460870
7.354270
7.249464
7.146414
7.045084
6.945438
6.847441
6.751058
6.656258
6.563007
6.471274
6.381029
6.292243
6.204885
6.118928
6.034344
5.951106
5.869188
5.788565
5.709211
5.631102
5.554214
5.478524
5.404010
5.330649
5.258420
5.187301
5.117272
5.048314
4.980405
4.913528
4.847662
4.782791
4.718895
4.655959
4.593963
4.532892
4.472729
4.413458
4.355064
4.297530
4.240843
4.184988
4.129949
4.075713
4.022267
3.969596
3.917688
3.866529
3.816107
3.766410
3.717425
3.669141
3.621546
3.574628
3.528376
3.482780
3.437828
3.393511
3.349817
3.306736
3.264260
3.222377
3.181079
3.140356
3.100199
3.060599
3.021546
2.983034
2.945052
2.907593
2.870649
2.834210
2.798271
2.762822
2.727857
2.693367
2.659346
2.625786
2.592680
2.560022
2.527804
2.496020
2.464664
2.433728
2.403207
2.373095
2.343384
2.314070
2.285147
2.256608
2.228448
2.200661
2.173242
2.146185
2.119486
2.093138
2.067138
2.041479
2.016157
1.991166
1.966503
1.942163
1.918140
1.894430
1.871029
1.847933
1.825137
1.802636
1.780427
1.758505
1.736867
1.715508
1.694425
1.673613
1.653069
1.632789
1.612769
1.593006
1.573497
1.554237
1.535223
1.516452
1.497920
1.479625
1.461563
1.443730
1.426124
1.408741
1.391579
1.374634
1.357904
1.341385
1.325075
1.308971
1.293070
1.277369
1.261866
1.246558
1.231443
1.216517
1.201778
1.187224
1.172853
1.158661
1.144647
1.130808
1.117141
1.103646
1.090318
1.077157
1.064159
1.051323
1.038646
1.026127
1.013764
1.001553
0.989495
