2800.000000
1370.341287
894.977515
659.383542
519.539046
427.002841
361.304747
312.321888
274.434861
244.293403
219.767962
199.440419
182.330684
167.740325
155.158465
144.202894
134.582050
126.069705
118.487680
111.693757
105.573059
100.031794
94.992643
90.391304
86.173881
82.294871
78.715603
75.403010
72.328661
69.467979
66.799615
64.304944
61.967641
59.773347
57.709377
55.764493
53.928698
52.193078
50.549655
48.991275
47.511498
46.104518
44.765087
43.488447
42.270279
41.106650
39.993976
38.928979
37.908660
36.930267
35.991274
35.089352
34.222358
33.388310
32.585378
31.811865
31.066198
30.346914
29.652656
28.982157
28.334237
27.707794
27.101797
26.515281
25.947345
25.397139
24.863869
24.346786
23.845187
23.358408
22.885824
22.426846
21.980916
21.547509
21.126125
20.716293
20.317566
19.929520
19.551752
19.183881
18.825543
18.476392
18.136100
17.804354
17.480854
17.165316
16.857469
16.557054
16.263821
15.977536
15.697970
15.424909
15.158143
14.897475
14.642713
14.393676
14.150188
13.912082
13.679195
13.451373
13.228467
13.010333
12.796835
12.587839
12.383218
12.182850
11.986615
11.794401
11.606097
11.421597
11.240800
11.063606
10.889921
10.719653
10.552713
10.389015
10.228476
10.071017
9.916560
9.765031
9.616356
9.470465
9.327291
9.186768
9.048833
8.913423
8.780478
8.649942
8.521757
8.395869
8.272226
8.150776
8.031469
7.914257
7.799092
7.685931
7.574727
7.465439
7.358024
7.252442
7.148653
7.046619
6.946303
6.847668
6.750679
6.655301
6.561502
6.469248
6.378508
6.289251
6.201446
6.115065
6.030079
5.946460
5.864181
5.783216
5.703538
5.625123
5.547946
5.471983
5.397210
5.323606
5.251148
5.179814
5.109583
5.040434
4.972347
4.905303
4.839282
4.774265
4.710234
4.647171
4.585058
4.523879
4.463617
4.404254
4.345776
4.288166
4.231409
4.175491
4.120395
4.066109
4.012618
3.959909
3.907967
3.856780
3.806335
3.756619
3.707620
3.659326
3.611725
3.564805
3.518555
3.472964
3.428021
3.383715
3.340036
3.296974
3.254518
3.212659
3.171386
3.130692
3.090565
3.050998
3.011980
2.973504
2.935561
2.898143
2.861240
2.824846
2.788951
2.753549
2.718631
2.684191
2.650220
2.616711
2.583658
2.551053
2.518890
2.487161
2.455861
2.424982
2.394518
2.364463
2.334812
2.305557
2.276693
2.248214
2.220114
2.192388
2.165031
2.138036
2.111398
2.085112
2.059174
2.033577
2.008318
1.983390
1.958790
1.934512
1.910552
1.886905
1.863567
1.840534
1.817800
1.795362
1.773215
1.751356
1.729780
1.708484
1.687462
1.666712
1.646230
1.626011
1.606053
1.586351
1.566902
1.547703
1.528749
1.510039
1.491567
1.473331
1.455328
1.437554
1.420006
1.402682
1.385578
1.368690
1.352017
1.335555
1.319302
1.303254
1.287409
1.271764
1.256316
1.241062
1.226001
1.211129
1.196444
1.181944
1.167625
1.153486
1.139523
1.125736
1.112121
1.098676
1.085399
1.072288
1.059340
1.046553
1.033926
1.021455
1.009140
0.996977
