2800.000000
1381.299515
909.943995
673.663738
533.168215
440.383070
374.561978
325.413504
287.319859
256.949620
232.193480
211.640513
194.310253
179.502801
166.705748
155.535248
145.698267
136.967477
129.164027
122.145396
115.796706
110.024403
104.751602
99.914603
95.460221
91.343732
87.527271
83.978567
80.669947
77.577532
74.680605
71.961093
69.403145
66.992797
64.717688
62.566833
60.530426
58.599688
56.766727
55.024428
53.366357
51.786681
50.280096
48.841768
47.467281
46.152593
44.893995
43.688081
42.531712
41.421992
40.356250
39.332009
38.346977
37.399026
36.486177
35.606590
34.758550
33.940457
33.150816
32.388231
31.651394
30.939078
30.250134
29.583482
28.938108
28.313057
27.707431
27.120383
26.551114
25.998869
25.462937
24.942644
24.437353
23.946461
23.469395
23.005613
22.554602
22.115873
21.688961
21.273426
20.868848
20.474828
20.090985
19.716956
19.352397
18.996976
18.650380
18.312307
17.982471
17.660597
17.346421
17.039694
16.740174
16.447630
16.161842
15.882597
15.609694
15.342936
15.082138
14.827118
14.577706
14.333734
14.095043
13.861480
13.632898
13.409154
13.190111
12.975638
12.765608
12.559898
12.358391
12.160972
11.967533
11.777966
11.592170
11.410046
11.231498
11.056434
10.884766
10.716406
10.551272
10.389284
10.230362
10.074431
9.921419
9.771254
9.623868
9.479195
9.337170
9.197731
9.060816
8.926368
8.794330
8.664646
8.537262
8.412127
8.289190
8.168402
8.049716
7.933084
7.818462
7.705806
7.595074
7.486224
7.379216
7.274011
7.170570
7.068858
6.968837
6.870474
6.773732
6.678580
6.584985
6.492914
6.402339
6.313228
6.225552
6.139283
6.054394
5.970856
5.888644
5.807732
5.728095
5.649708
5.572547
5.496589
5.421812
5.348193
5.275710
5.204342
5.134069
5.064869
4.996725
4.929615
4.863522
4.798426
4.734310
4.671157
4.608948
4.547667
4.487298
4.427825
4.369232
4.311502
4.254622
4.198577
4.143352
4.088933
4.035305
3.982457
3.930374
3.879043
3.828451
3.778587
3.729438
3.680993
3.633238
3.586163
3.539757
3.494009
3.448908
3.404443
3.360604
3.317380
3.274763
3.232741
3.191307
3.150449
3.110159
3.070428
3.031247
2.992608
2.954501
2.916918
2.879852
2.843294
2.807237
2.771672
2.736592
2.701989
2.667856
2.634187
2.600973
2.568208
2.535885
2.503997
2.472539
2.441502
2.410882
2.380671
2.350864
2.321455
2.292437
2.263805
2.235554
2.207677
2.180169
2.153024
2.126238
2.099806
2.073721
2.047979
2.022575
1.997504
1.972761
1.948342
1.924241
1.900455
1.876979
1.853808
1.830938
1.808365
1.786084
1.764092
1.742384
1.720956
1.699805
1.678926
1.658316
1.637971
1.617887
1.598061
1.578488
1.559166
1.540092
1.521260
1.502669
1.484315
1.466195
1.448305
1.430643
1.413204
1.395987
1.378988
1.362204
1.345633
1.329271
1.313115
1.297163
1.281412
1.265860
1.250503
1.235339
1.220365
1.205579
1.190979
1.176562
1.162325
1.148266
1.134383
1.120673
1.107134
1.093764
1.080560
1.067521
1.054644
1.041927
1.029369
1.016966
1.004716
0.992619
