2800.000000
1364.530339
892.840794
659.420241
520.534870
428.600742
363.342043
314.673798
277.016192
247.034510
222.614205
202.350128
185.272449
170.690451
158.099013
147.120286
137.466038
128.912613
121.283830
114.439035
108.264590
102.667691
97.571812
92.913289
88.638734
84.703045
81.067862
77.700355
74.572267
71.659146
68.939725
66.395427
64.009949
61.768930
59.659671
57.670903
55.792592
54.015780
52.332441
50.735369
49.218076
47.774703
46.399954
45.089022
43.837542
42.641538
41.497383
40.401762
39.351639
38.344228
37.376968
36.447504
35.553663
34.693437
33.864972
33.066546
32.296567
31.553551
30.836121
30.142993
29.472970
28.824933
28.197836
27.590701
27.002611
26.432705
25.880174
25.344259
24.824244
24.319454
23.829255
23.353046
22.890259
22.440360
22.002840
21.577218
21.163039
20.759871
20.367302
19.984943
19.612423
19.249389
18.895504
18.550448
18.213916
17.885617
17.565272
17.252616
16.947395
16.649366
16.358297
16.073966
15.796159
15.524672
15.259310
14.999885
14.746217
14.498134
14.255468
14.018061
13.785759
13.558414
13.335885
13.118035
12.904732
12.695851
12.491268
12.290866
12.094531
11.902155
11.713631
11.528858
11.347737
11.170173
10.996075
10.825353
10.657922
10.493699
10.332604
10.174559
10.019488
9.867320
9.717983
9.571410
9.427534
9.286292
9.147621
9.011460
8.877753
8.746441
8.617471
8.490788
8.366341
8.244080
8.123955
8.005920
7.889929
7.775936
7.663898
7.553774
7.445521
7.339099
7.234471
7.131598
7.030442
6.930969
6.833144
6.736932
6.642300
6.549217
6.457650
6.367570
6.278946
6.191749
6.105952
6.021526
5.938444
5.856681
5.776211
5.697008
5.619049
5.542309
5.466766
5.392396
5.319179
5.247091
5.176112
5.106222
5.037399
4.969626
4.902882
4.837149
4.772408
4.708641
4.645831
4.583961
4.523014
4.462974
4.403824
4.345550
4.288135
4.231564
4.175824
4.120899
4.066776
4.013440
3.960879
3.909079
3.858028
3.807711
3.758119
3.709237
3.661054
3.613559
3.566741
3.520587
3.475087
3.430231
3.386008
3.342407
3.299418
3.257032
3.215239
3.174029
3.133394
3.093323
3.053808
3.014839
2.976410
2.938510
2.901132
2.864267
2.827908
2.792046
2.756674
2.721784
2.687369
2.653422
2.619935
2.586902
2.554314
2.522167
2.490452
2.459164
2.428296
2.397842
2.367795
2.338150
2.308900
2.280040
2.251564
2.223465
2.195739
2.168381
2.141384
2.114743
2.088454
2.062510
2.036908
2.011641
1.986706
1.962098
1.937811
1.913841
1.890184
1.866835
1.843790
1.821044
1.798593
1.776433
1.754560
1.732969
1.711658
1.690621
1.669856
1.649357
1.629122
1.609147
1.589428
1.569962
1.550745
1.531773
1.513044
1.494554
1.476299
1.458277
1.440484
1.422917
1.405573
1.388449
1.371542
1.354849
1.338368
1.322094
1.306026
1.290160
1.274495
1.259026
1.243752
1.228670
1.213778
1.199072
1.184551
1.170212
1.156052
1.142069
1.128261
1.114625
1.101159
1.087862
1.074730
1.061761
1.048954
1.036306
1.023815
1.011479
0.999296
