2800.000000
1368.700386
896.455455
662.326507
522.994888
430.748681
365.218873
316.284759
278.354703
248.124839
223.499890
203.074290
185.869486
171.185936
158.511884
147.464958
137.753833
129.152614
121.483400
114.604159
108.400124
102.777567
97.659203
92.980758
88.688350
84.736487
81.086500
77.705315
74.564486
71.639414
68.908721
66.353744
63.958117
61.707435
59.588966
57.591419
55.704745
53.919977
52.229084
50.624855
49.100800
47.651058
46.270328
44.953802
43.697110
42.496271
41.347651
40.247927
39.194054
38.183235
37.212902
36.280685
35.384401
34.522029
33.691702
32.891686
32.120375
31.376272
30.657988
29.964226
29.293774
28.645504
28.018357
27.411344
26.823534
26.254058
25.702095
25.166877
24.647677
24.143814
23.654642
23.179552
22.717971
22.269355
21.833189
21.408986
20.996283
20.594643
20.203649
19.822907
19.452040
19.090691
18.738519
18.395200
18.060426
17.733901
17.415344
17.104486
16.801071
16.504853
16.215598
15.933082
15.657088
15.387412
15.123856
14.866230
14.614353
14.368051
14.127157
13.891510
13.660955
13.435344
13.214534
12.998389
12.786775
12.579565
12.376637
12.177873
11.983159
11.792385
11.605446
11.422238
11.242663
11.066627
10.894037
10.724804
10.558843
10.396070
10.236406
10.079772
9.926093
9.775297
9.627314
9.482075
9.339514
9.199568
9.062174
8.927272
8.794804
8.664714
8.536947
8.411449
8.288170
8.167058
8.048066
7.931146
7.816252
7.703341
7.592367
7.483290
7.376069
7.270663
7.167034
7.065145
6.964958
6.866439
6.769552
6.674264
6.580542
6.488353
6.397668
6.308454
6.220684
6.134327
6.049357
5.965745
5.883464
5.802489
5.722795
5.644356
5.567149
5.491149
5.416334
5.342682
5.270169
5.198776
5.128481
5.059264
4.991105
4.923983
4.857881
4.792780
4.728661
4.665507
4.603301
4.542024
4.481662
4.422197
4.363614
4.305897
4.249032
4.193002
4.137795
4.083394
4.029787
3.976960
3.924900
3.873593
3.823028
3.773190
3.724068
3.675650
3.627925
3.580880
3.534505
3.488788
3.443718
3.399286
3.355480
3.312290
3.269707
3.227720
3.186320
3.145498
3.105244
3.065549
3.026404
2.987801
2.949732
2.912186
2.875157
2.838637
2.802617
2.767089
2.732047
2.697482
2.663387
2.629755
2.596579
2.563852
2.531567
2.499717
2.468296
2.437298
2.406715
2.376542
2.346772
2.317400
2.288420
2.259825
2.231610
2.203770
2.176299
2.149191
2.122442
2.096045
2.069996
2.044290
2.018922
1.993886
1.969179
1.944794
1.920729
1.896977
1.873535
1.850399
1.827563
1.805023
1.782776
1.760817
1.739142
1.717747
1.696629
1.675782
1.655204
1.634891
1.614839
1.595044
1.575503
1.556212
1.537168
1.518367
1.499806
1.481482
1.463391
1.445531
1.427898
1.410488
1.393300
1.376329
1.359573
1.343030
1.326695
1.310567
1.294642
1.278918
1.263392
1.248062
1.232924
1.217977
1.203217
1.188642
1.174250
1.160038
1.146003
1.132145
1.118459
1.104944
1.091598
1.078418
1.065403
1.052549
1.039855
1.027319
1.014938
1.002711
0.990636
