2800.000000
1368.342277
904.429235
670.287916
527.856256
433.477114
366.780414
317.234648
279.026670
248.671930
223.975070
203.492855
186.236200
171.505459
158.791348
147.712931
137.978840
129.362240
121.684003
114.800910
108.597177
102.978242
97.866146
93.196070
88.913692
84.973166
81.335543
77.967531
74.840512
71.929749
69.213751
66.673756
64.293305
62.057897
59.954706
57.972345
56.100670
54.330616
52.654057
51.063697
49.552961
48.115916
46.747196
45.441940
44.195730
43.004553
41.864750
40.772982
39.726196
38.721599
37.756628
36.828928
35.936334
35.076851
34.248638
33.449991
32.679338
31.935216
31.216271
30.521242
29.848956
29.198319
28.568309
27.957972
27.366414
26.792798
26.236337
25.696292
25.171970
24.662714
24.167909
23.686973
23.219354
22.764532
22.322016
21.891338
21.472055
21.063747
20.666015
20.278478
19.900777
19.532565
19.173516
18.823316
18.481667
18.148284
17.822894
17.505237
17.195062
16.892132
16.596218
16.307101
16.024570
15.748423
15.478468
15.214519
14.956396
14.703929
14.456952
14.215306
13.978839
13.747403
13.520857
13.299065
13.081894
12.869218
12.660915
12.456866
12.256957
12.061079
11.869125
11.680992
11.496582
11.315798
11.138548
10.964742
10.794294
10.627118
10.463135
10.302265
10.144432
9.989563
9.837585
9.688430
9.542030
9.398320
9.257238
9.118721
8.982710
8.849147
8.717977
8.589145
8.462598
8.338285
8.216156
8.096162
7.978257
7.862395
7.748530
7.636621
7.526625
7.418501
7.312209
7.207710
7.104967
7.003943
6.904602
6.806910
6.710832
6.616336
6.523388
6.431959
6.342017
6.253533
6.166478
6.080823
5.996540
5.913603
5.831986
5.751662
5.672608
5.594798
5.518208
5.442816
5.368599
5.295535
5.223601
5.152778
5.083043
5.014378
4.946762
4.880176
4.814601
4.750020
4.686413
4.623764
4.562055
4.501269
4.441390
4.382403
4.324290
4.267038
4.210630
4.155053
4.100291
4.046330
3.993158
3.940760
3.889123
3.838234
3.788080
3.738650
3.689931
3.641910
3.594577
3.547919
3.501927
3.456588
3.411892
3.367828
3.324387
3.281557
3.239329
3.197694
3.156641
3.116162
3.076247
3.036887
2.998074
2.959798
2.922051
2.884825
2.848112
2.811904
2.776192
2.740970
2.706228
2.671961
2.638161
2.604820
2.571932
2.539489
2.507485
2.475913
2.444766
2.414039
2.383724
2.353817
2.324309
2.295196
2.266472
2.238130
2.210166
2.182574
2.155347
2.128481
2.101971
2.075810
2.049995
2.024520
1.999380
1.974570
1.950085
1.925922
1.902074
1.878538
1.855310
1.832383
1.809756
1.787422
1.765379
1.743621
1.722145
1.700947
1.680022
1.659368
1.638980
1.618854
1.598988
1.579376
1.560017
1.540905
1.522038
1.503413
1.485025
1.466872
1.448951
1.431258
1.413790
1.396544
1.379517
1.362706
1.346108
1.329721
1.313541
1.297565
1.281791
1.266216
1.250838
1.235653
1.220659
1.205854
1.191235
1.176799
1.162545
1.148468
1.134569
1.120843
1.107288
1.093903
1.080686
1.067632
1.054742
1.042012
1.029441
1.017026
1.004765
0.992656
