32647.53086419752798974514
16332.29946342283255944494
10890.78778039197641192004
8167.78355957715939439368
6533.16611261574053060031
5443.21211740123544586822
4664.57016338271569111384
4080.47420554166683359654
3626.09589374074084844324
3262.54082125000013547833
2965.05206891203715713345
2717.12048764814790047240
2507.31439850308561290149
2327.46760148302428206080
2171.59116002314794968697
2035.19290671759245014982
1914.83719569444451735762
1807.85148306172868615249
1712.12559166049391023989
1625.97117635493782472622
1548.02133070216041232925
1477.15756228858003851201
1412.45581415432093308482
1353.14597952469148367527
1298.58112641049410740379
1248.21382330246910896676
1201.57772064351865992649
1158.27307650771626867936
1117.95527926851832489774
1080.32565721296305127908
1045.12407232253076472261
1012.12290086111124765011
981.12210430246932446607
951.94517582098831098847
924.43577759876586696919
898.45494103858061407664
873.87871857870413805358
850.59621047839550556091
828.50788931944475734781
807.52418273765488265781
787.56425661728474096890
768.55497689814899331395
750.43001570370483932493
733.12907530709981074324
716.59722089506317388441
700.78429620833480839792
685.64441593055721568817
671.13552109259478584136
657.21898748457033434534
643.85928238271878853993
631.02366331636096674629
618.68190605401571247057
606.80607048611511800118
595.37028632870828914747
584.35056667901744731353
573.72463772222806710488
563.47179134722864546347
553.57274596297008883994
544.00952940587239936576
534.76536757871281224652
525.82458621914588547952
517.17252292593718721037
508.79544572069175956130
500.68048126853256007962
492.81554851544774464855
485.18929839044966456640
477.79105869137742956809
470.61078541051546153540
463.63901638736962240728
456.86682905095244677796
450.28580447533801134341
443.88799054324243797964
437.66586969448030686181
431.61233213892865023809
425.72064529479689554137
419.98443096301116383984
414.39764258338658464709
408.95454274079941114906
403.64968351241014943298
398.47789068062655815083
393.43424405409029986913
388.51406290132013054972
383.71289223620510711044
379.02648835967096374588
374.45080799239690350078
369.98199442296322558832
365.61636874859220824874
361.35041861897531134673
357.18078897701388996211
353.10427440141165789100
349.11780946007007742082
345.21846266687788329364
341.40342644776131919571
337.67001433512797348158
334.01565204811362264081
330.43787230739752658337
326.93430965001670074344
323.50269498955162816856
320.14084992631137538410
316.84668416708592530995
313.61818946033230304238
310.45343563629785421654
307.35056828140244533643
304.30780377373264400376
301.32342632779494806528
298.39578465655284844615
295.52328887883339803011
292.70440842982230833513
289.93766834192740589060
287.22164739755635309848
284.55497565843802476593
281.93633112148637565042
279.36443998268958921471
276.83807155223325935367
274.35603888567356989370
271.91719531480123350775
269.52043346770301468496
267.16468365919484995175
264.84891178742520878586
262.57211834930848226577
260.33333645595672578565
258.13163147928418084120
255.96609856126730164760
253.83586225128965452313
251.74007502929049451268
249.67791630730820884310
247.64859107454134345971
245.65132940660845406455
243.68538497635051953694
241.75003406617634027498
239.84457619769253255981
237.96833065022170217162
236.12063809043223727713
234.30085832696815373311
232.50837032742401788710
230.74257146834528953150
229.00287642720337544233
227.28871718085272846110
225.59954101633286427386
223.93481241049869367998
222.29401004545189834971
220.67662729928221665432
219.08217239267213471976
217.51016663272400819551
215.96014417530614082352
214.43165277813869806778
212.92425193042379305552
211.43751335901802690387
209.97101977997581911950
208.52436553435225619069
207.09715508202964429074
205.68900426869305420041
204.29953794620109874813
202.92839097412888804683
201.57520848519985179337
200.23964349948386143296
198.92135793674259502950
197.62002324605930425605
196.33531877620904992909
195.06693090837529780401
193.81455518423578610054
192.57789393250595821883
191.35665689856890026022
190.15056086947504354612
188.95932942702881973673
187.78269295241852887557
186.62038824967260097765
185.47215880183313174712
184.33775301941250290838
183.21692624810938809787
182.10943913917927261537
181.01505815406446231464
179.93355481593678746322
178.86470646587088140222
177.80829475667178485310
176.76410653559042884808
175.73193409432394673786
174.71157391747317433328
173.70282656525785114354
172.70549792197419947115
171.71939744290878593347
170.74433916205404671018
169.78014156710889892565
168.82662559947908675895
167.88361777927696039114
166.95094746149462139329
166.02844807828816442452
165.11595602632371537766
164.21331166060451778321
163.32035841792810515472
162.43694332768913568543
161.56291600570662581049
160.69813002922467148892
159.84244131808489441937
158.99570938164077915644
158.15779569530189974103
157.32856532861936216250
156.50788581874371629965
155.69562704696895139023
154.89166211373267856288
154.09586621515913407165
153.30811726960416763177
152.52829516765459061389
151.75628252212942470578
150.99196479153749805846
150.23522816433691673410
149.48596242467635875073
148.74405870702642573633
148.00941087117871575174
147.28191388187872234994
146.56146530419388795963
145.84796517697506601507
145.14131414711351908409
144.44141546337198178662
143.74817435446882996075
143.06149727599532184286
142.38129279313449160327
141.70747119485434950548
141.03994400934851682905
140.37862461360015231548
139.72342799727539386367
139.07427063000665157233
138.43107021140048118468
137.79374692720045914029
137.16222094775963569191
136.53641467494867356436
135.91625211715978593929
135.30165790010644855101
134.69255849986637940674
134.08888150984159892687
133.49055575650527316611
132.89751105251153262543
132.30967919358252515849
131.72699209278937360068
131.14938401820245417184
130.57678860680596244492
130.00914297556502674524
129.44638286038443197867
128.88844735678438269133
128.33527454959801161749
127.78680513485136316376
127.24297954941306443288
126.70374021790351548589
126.16902992925290050152
125.63879246173252113294
125.11297295944024199343
124.59151680274382556490
124.07437036598372515073
123.56148163627699432254
123.05279871513761236201
122.54827032459931501762
122.04784654643670194218
121.55147858143408257092
121.05911699792181934754
120.57071497548655258925
120.08622481744333754250
119.60560068844364423057
119.12879662223978982638
118.65576839202228143222
118.18647126824141935231
117.72086213424755385404
117.25889774418666888778
116.80053646666208067018
116.34573654101798467764
115.89445694933621666678
115.44665778979833703488
115.00229915643188860486
114.56134188610533897190
114.12374793478210222020
113.68947887646100980419
113.25849777942491414251
112.83076758142016160491
112.40625221466899574807
111.98491585582495133622
111.56672330121666902869
111.15163971665394626598
110.73963151246475433709
110.33066447052758007885
109.92470536876349740396
109.52172185172315721502
109.12168143870691494612
108.72455251566002232266
108.33030346986149083932
107.93890355515981127610
107.55032214759515341029
107.16452949607644029584
106.78149621988463024991
106.40119243558024209051
106.02358987992452910021
105.64866016463336961806
105.27637514872607482630
104.90670706035425041591
104.53962925192023192267
104.17511432777692448326
