2700.000000
1432.747305
933.571666
684.973839
545.824727
448.811311
384.296753
332.791898
295.790602
263.960253
240.072725
218.502497
201.845856
186.284764
174.013901
162.265346
152.843143
143.660507
136.188155
128.812949
122.732285
116.677362
111.624724
106.563316
102.292187
97.997118
94.334694
90.643217
87.464825
84.257329
81.470734
78.657354
76.192804
73.704717
71.508431
69.292032
67.321827
65.334738
63.557018
61.765291
60.152938
58.529050
57.059906
55.581307
54.237068
52.885099
51.650501
50.409588
49.271789
48.128827
47.076935
46.020818
45.045530
44.066778
43.160097
42.250570
41.405579
40.558247
39.768932
38.977689
38.238794
37.498314
36.805225
36.110837
35.459485
34.807075
34.193860
33.579792
33.001513
32.422561
31.876367
31.329656
30.812994
30.295955
29.806537
29.316869
28.852635
28.388266
27.947359
27.506423
27.087162
26.667971
26.268832
25.869855
25.489455
25.109303
24.746380
24.383787
24.037190
23.691000
23.359678
23.028834
22.711821
22.395356
22.091768
21.788793
21.497816
21.207512
20.928396
20.650012
20.382065
20.114904
19.857488
19.600909
19.353431
19.106839
18.868752
18.631596
18.402391
18.174158
17.953363
17.733579
17.520753
17.308974
17.103708
16.899522
16.701434
16.504456
16.313188
16.123059
15.938278
15.754660
15.576054
15.398634
15.225909
15.054391
14.887274
14.721382
14.559614
14.399088
14.242428
14.087022
13.935242
13.784728
13.637613
13.491774
13.349121
13.207754
13.069374
12.932286
12.797998
12.665007
12.534641
12.405576
12.278971
12.153671
12.030675
11.908985
11.789454
11.671229
11.555027
11.440129
11.327127
11.215426
11.105500
10.996872
10.889906
10.784233
10.680116
10.577287
10.475913
10.375821
10.277091
10.179635
10.083453
9.988538
9.894812
9.802345
9.710990
9.620884
9.531816
9.443989
9.357129
9.271501
9.186774
9.103269
9.020604
8.939149
8.858476
8.779003
8.700256
8.622699
8.545816
8.470110
8.395031
8.321117
8.247784
8.175603
8.103961
8.033459
7.963453
7.894576
7.826158
7.758855
7.691975
7.626197
7.560808
7.496509
7.432566
7.369700
7.307161
7.245685
7.184507
7.124380
7.064524
7.005705
6.947133
6.889584
6.832259
6.775944
6.719829
6.664712
6.609775
6.555822
6.502028
6.449206
6.396525
6.344801
6.293202
6.242547
6.192000
6.142385
6.092861
6.044257
5.995730
5.948109
5.900552
5.853888
5.807275
5.761543
5.715850
5.671025
5.626227
5.582285
5.538360
5.495279
5.452205
5.409962
5.367716
5.326290
5.284852
5.244222
5.203572
5.163718
5.123837
5.084740
5.045608
5.007248
4.968848
4.931208
4.893521
4.856584
4.819593
4.783341
4.747030
4.711446
4.675800
4.640869
4.605870
4.571576
4.537210
4.503539
4.469791
4.436727
4.403584
4.371114
4.338560
4.306670
4.274693
4.243370
4.211957
4.181187
4.150325
4.120097
4.089774
4.060075
4.030278
4.001097
3.971816
3.943140
3.914363
3.886182
3.857898
3.830201
3.802399
3.775176
3.747846
3.721086
3.694218
3.667911
3.641496
3.615633
3.589660
3.564231
3.538692
3.513688
3.488573
3.463985
3.439286
3.415105
3.390813
3.367032
3.343139
3.319748
3.296245
3.273238
3.250118
3.227486
3.204740
3.182476
3.160098
3.138193
3.116176
3.094624
3.072960
3.051754
3.030436
3.009569
2.988590
2.968056
2.947409
2.927201
2.906881
2.886992
2.866992
2.847417
2.827730
2.808462
2.789083
2.770117
2.751040
2.732370
2.713589
2.695209
2.676719
2.658623
2.640418
2.622602
2.604677
2.587135
2.569484
2.552211
2.534831
2.517821
2.500705
2.483955
2.467099
2.450604
2.434003
2.417757
2.401406
2.385406
2.369301
2.353541
2.337678
2.322155
2.306529
2.291238
2.275845
2.260782
2.245619
2.230779
2.215841
2.201221
2.186503
2.172101
2.157600
2.143409
2.129121
2.115140
2.101062
2.087285
2.073413
2.059837
2.046168
2.032790
2.019320
2.006137
1.992862
1.979870
1.966787
1.953984
1.941090
1.928472
1.915763
1.903327
1.890801
1.878543
1.866196
1.854114
1.841944
1.830035
1.818039
1.806299
1.794474
1.782902
1.771244
1.759836
1.748344
1.737097
1.725767
1.714680
1.703510
1.692578
1.681565
1.670788
1.659930
1.649304
1.638598
1.628121
1.617564
1.607234
1.596824
1.586638
1.576374
1.566329
1.556208
1.546302
1.536321
1.526553
1.516710
1.507078
1.497371
1.487871
1.478298
1.468929
1.459488
1.450248
1.440936
1.431823
1.422639
1.413651
1.404592
1.395727
1.386792
1.378048
1.369235
1.360610
1.351917
1.343409
1.334834
1.326442
1.317984
1.309705
1.301361
1.293195
1.284963
1.276907
1.268787
1.260839
1.252828
1.244988
1.237085
1.229349
1.221552
1.213921
1.206228
1.198699
1.191109
1.183681
1.176193
1.168864
1.161475
1.154244
1.146953
1.139818
1.132625
1.125585
1.118487
1.111540
1.104537
1.097682
1.090771
1.084007
1.077187
1.070513
1.063783
1.057197
1.050556
1.044056
1.037503
1.031088
1.024621
1.018291
1.011909
1.005662
0.999363
