2800.000000
1386.162396
918.676295
684.775172
549.422980
453.829899
390.248143
338.243892
301.446127
268.806798
244.866459
222.499850
205.708426
189.433025
177.021380
164.648848
155.112137
145.388395
137.838791
129.994608
123.874639
117.412423
112.354517
106.938295
102.690360
98.085118
94.468571
90.504968
87.389820
83.942722
81.232146
78.207061
75.827487
73.151705
71.046258
68.662906
66.786940
64.650881
62.968880
61.043828
59.527193
57.783639
56.409093
54.822792
53.571202
52.122047
50.977548
49.648720
48.598049
47.375370
46.407357
45.278795
44.383968
43.339239
42.509515
41.539780
40.768224
39.865843
39.146466
38.304801
37.632412
36.845666
36.215741
35.478831
34.887408
34.195859
33.639458
32.989311
32.464859
31.852602
31.357380
30.779885
30.311474
29.765946
29.322190
28.806124
28.385096
27.896241
27.496210
27.032536
26.651945
26.211619
25.849063
25.430424
25.084634
24.686171
24.355995
23.976336
23.660726
23.298618
22.996622
22.650921
22.361667
22.031323
21.754016
21.438068
21.171977
20.869540
20.613995
20.324255
20.078639
19.800845
19.564590
19.298048
19.070629
18.814698
18.595629
18.349715
18.138547
17.902097
17.698413
17.470916
17.274327
17.055306
16.865453
16.654464
16.471010
16.267640
16.090272
15.894134
15.722559
15.533293
15.367237
15.184504
15.023711
14.847195
14.691424
14.520829
14.369855
14.204902
14.058513
13.898941
13.756938
13.602501
13.464695
13.315162
13.181377
13.036529
12.906598
12.766232
12.639997
12.503917
12.381230
12.249254
12.129973
12.001929
11.885921
11.761645
11.648783
11.528121
11.418286
11.301090
11.194168
11.080301
10.976184
10.865514
10.764099
10.656501
10.557691
10.453046
10.356747
10.254943
10.161068
10.061998
9.970461
9.874024
9.784745
9.690843
9.603746
9.512287
9.427298
9.338194
9.255243
9.168411
9.087432
9.002791
8.923718
8.841193
8.763966
8.683484
8.608044
8.529534
8.455826
8.379223
8.307191
8.232431
8.162025
8.089047
8.020216
7.948962
7.881660
7.812074
7.746255
7.678284
7.613903
7.547495
7.484511
7.419618
7.357990
7.294565
7.234254
7.172251
7.113219
7.052596
6.994807
6.935521
6.878941
6.820952
6.765547
6.708818
6.654555
6.599048
6.545897
6.491576
6.439507
6.386339
6.335321
6.283273
6.233280
6.182320
6.133324
6.083421
6.035397
5.986522
5.939444
5.891569
5.845413
5.798510
5.753252
5.707295
5.662912
5.617876
5.574347
5.530207
5.487510
5.444243
5.402357
5.359939
5.318846
5.277255
5.236934
5.196149
5.156582
5.116583
5.077750
5.038518
5.000403
4.961917
4.924503
4.886744
4.850015
4.812966
4.776904
4.740548
4.705139
4.669458
4.634687
4.599665
4.565518
4.531139
4.497600
4.463849
4.430905
4.397767
4.365405
4.332866
4.301073
4.269118
4.237881
4.206497
4.175804
4.144978
4.114816
4.084536
4.054895
4.025147
3.996015
3.966788
3.938154
3.909436
3.881289
3.853069
3.825399
3.797666
3.770463
3.743206
3.716460
3.689669
3.663371
3.637035
3.611175
3.585286
3.559855
3.534401
3.509391
3.484364
3.459766
3.435157
3.410962
3.386763
3.362962
3.339164
3.315751
3.292345
3.269312
3.246290
3.223628
3.200983
3.178686
3.156410
3.134470
3.112555
3.090966
3.069405
3.048159
3.026945
3.006036
2.985162
2.964584
2.944042
2.923788
2.903574
2.883638
2.863744
2.844119
2.824539
2.805220
2.785948
2.766930
2.747960
2.729236
2.710562
2.692127
2.673744
2.655593
2.637495
2.619622
2.601804
2.584204
2.566660
2.549329
2.532054
2.514986
2.497976
2.481167
2.464416
2.447860
2.431364
2.415058
2.398812
2.382750
2.366750
2.350929
2.335169
2.319584
2.304061
2.288709
2.273418
2.258293
2.243231
2.228330
2.213492
2.198811
2.184193
2.169728
2.155326
2.141074
2.126885
2.112841
2.098860
2.085022
2.071247
2.057610
2.044036
2.030598
2.017222
2.003978
1.990797
1.977745
1.964755
1.951891
1.939090
1.926411
1.913794
1.901297
1.888862
1.876545
1.864288
1.852146
1.840066
1.828097
1.816189
1.804391
1.792653
1.781022
1.769451
1.757984
1.746577
1.735273
1.724028
1.712883
1.701797
1.690809
1.679879
1.669045
1.658268
1.647586
1.636961
1.626429
1.615952
1.605566
1.595237
1.584995
1.574810
1.564711
1.554667
1.544708
1.534803
1.524982
1.515215
1.505529
1.495897
1.486345
1.476846
1.467425
1.458057
1.448766
1.439526
1.430362
1.421250
1.412211
1.403223
1.394308
1.385443
1.376649
1.367905
1.359231
1.350607
1.342050
1.333543
1.325103
1.316710
1.308385
1.300106
1.291893
1.283726
1.275624
1.267567
1.259574
1.251626
1.243740
1.235900
1.228120
1.220384
1.212708
1.205077
1.197503
1.189974
1.182502
1.175073
1.167701
1.160371
1.153097
1.145865
1.138688
1.131552
1.124470
1.117429
1.110441
1.103493
1.096598
1.089742
1.082938
1.076173
1.069458
1.062783
1.056157
1.049569
1.043030
1.036529
1.030076
1.023661
1.017293
1.010962
1.004677
0.998429
