2800.000000
1381.395790
911.347534
675.130258
536.396018
442.313853
376.997312
326.812812
289.060941
257.980068
233.458780
212.368010
195.188827
179.965549
167.273917
155.785434
146.033105
137.066640
129.342515
122.158005
115.891583
110.012032
104.828166
99.932399
95.574423
91.438315
87.724762
84.187180
80.986147
77.928284
75.141594
72.473936
70.026996
67.680820
65.515931
63.437608
61.509421
59.656487
57.928859
56.267262
54.711020
53.213137
51.804472
50.447665
49.166945
47.932494
46.763384
45.635676
44.564476
43.530394
42.545523
41.593968
40.685576
39.807101
38.966752
38.153269
37.373703
36.618250
35.893184
35.189739
34.513711
33.857043
33.225283
32.610826
32.019152
31.442909
30.887640
30.346094
29.823980
29.314031
28.822191
28.341092
27.876965
27.422280
26.983583
26.553139
26.137832
25.729690
25.335942
24.948365
24.574532
24.205959
23.850560
23.499588
23.161283
22.826644
22.504224
22.184771
21.877135
21.571830
21.277980
20.985877
20.704902
20.425142
20.156212
19.888009
19.630364
19.373000
19.125944
18.878762
18.641656
18.404052
18.176308
17.947727
17.728803
17.508734
17.298131
17.086102
16.883358
16.678932
16.483620
16.286394
16.098116
15.907715
15.726105
15.542180
15.366896
15.189124
15.019846
14.847925
14.684357
14.518005
14.359869
14.198825
14.045862
13.889878
13.741846
13.590692
13.447363
13.300823
13.161985
13.019856
12.885307
12.747399
12.616951
12.483083
12.356559
12.226564
12.103797
11.977513
11.858346
11.735624
11.619907
11.500604
11.388198
11.272179
11.162950
11.050089
10.943911
10.834087
10.730841
10.623938
10.523512
10.419422
10.321708
10.220328
10.125224
10.026455
9.933865
9.837614
9.747445
9.653624
9.565789
9.474311
9.388727
9.299513
9.216100
9.129073
9.047755
8.962840
8.883545
8.800673
8.723332
8.642435
8.566982
8.487996
8.414369
8.337232
8.265370
8.190023
8.119868
8.046255
7.977753
7.905820
7.838917
7.768612
7.703257
7.634531
7.570676
7.503481
7.441080
7.375369
7.314377
7.250106
7.190481
7.127608
7.069308
7.007793
6.950778
6.890581
6.834813
6.775897
6.721340
6.663669
6.610288
6.553825
6.501586
6.446299
6.395170
6.341026
6.290974
6.237943
6.188939
6.136989
6.089003
6.038106
5.991111
5.941239
5.895207
5.846333
5.801238
5.753335
5.709153
5.662195
5.618901
5.572865
5.530435
5.485297
5.443709
5.399446
5.358677
5.315267
5.275298
5.232719
5.193527
5.151760
5.113326
5.072350
5.034656
4.994450
4.957477
4.918024
4.881754
4.843036
4.807451
4.769449
4.734533
4.697232
4.662967
4.626349
4.592722
4.556771
4.523765
4.488465
4.456066
4.421403
4.389596
4.355555
4.324326
4.290892
4.260228
4.227388
4.197276
4.165017
4.135443
4.103752
4.074705
4.043568
4.015036
3.984441
3.956412
3.926348
3.898811
3.869266
3.842210
3.813173
3.786587
3.758046
3.731920
3.703865
3.678189
3.650610
3.625374
3.598260
3.573455
3.546797
3.522413
3.496201
3.472229
3.446454
3.422886
3.397538
3.374365
3.349437
3.326651
3.302133
3.279725
3.255609
3.233573
3.209851
3.188178
3.164841
3.143524
3.120565
3.099597
3.077009
3.056382
3.034158
3.013865
2.991997
2.972032
2.950513
2.930870
2.909693
2.890365
2.869523
2.850504
2.829991
2.811275
2.791085
2.772666
2.752793
2.734664
2.715102
2.697259
2.678001
2.660438
2.641479
2.624191
2.605525
2.588507
2.570129
2.553374
2.535279
2.518784
2.500966
2.484725
2.467179
2.451188
2.433909
2.418164
2.401147
2.385642
2.368883
2.353614
2.337107
2.322070
2.305812
2.291003
2.274988
2.260402
2.244627
2.230261
2.214721
2.200570
2.185262
2.171322
2.156240
2.142509
2.127650
2.114123
2.099483
2.086157
2.071732
2.058603
2.044390
2.031454
2.017449
2.004703
1.990902
1.978344
1.964744
1.952369
1.938966
1.926772
1.913563
1.901546
1.888528
1.876685
1.863855
1.852184
1.839537
1.828035
1.815570
1.804233
1.791946
1.780772
1.768661
1.757647
1.745708
1.734852
1.723082
1.712381
1.700778
1.690229
1.678790
1.668391
1.657113
1.646861
1.635743
1.625635
1.614673
1.604708
1.593899
1.584075
1.573417
1.563731
1.553222
1.543671
1.533308
1.523891
1.513672
1.504386
1.494309
1.485153
1.475215
1.466186
1.456386
1.447481
1.437816
1.429035
1.419503
1.410844
1.401442
1.392902
1.383630
1.375207
1.366061
1.357754
1.348733
1.340540
1.331642
1.323561
1.314785
1.306814
1.298156
1.290294
1.281754
1.273999
1.265574
1.257924
1.249614
1.242068
1.233869
1.226425
1.218337
1.210993
1.203014
1.195770
1.187897
1.180750
1.172984
1.165933
1.158270
1.151314
1.143753
1.136890
1.129430
1.122659
1.115299
1.108618
1.101355
1.094764
1.087598
1.081094
1.074023
1.067605
1.060628
1.054295
1.047410
1.041162
1.034367
1.028202
1.021497
1.015413
1.008796
1.002792
0.996263
