2800.000000
1366.817237
904.713491
669.780419
532.595760
439.547114
374.730073
325.249708
287.680265
257.082001
232.626781
211.877791
194.719630
179.745484
167.058273
155.755142
146.002525
137.175724
129.451492
122.372850
116.108264
110.308943
105.129195
100.293822
95.941962
91.850662
88.144702
84.639541
81.447010
78.411645
75.633838
72.980686
70.542567
68.204448
66.047963
63.972495
62.052034
60.197774
58.477010
56.810745
55.260392
53.755200
52.351388
50.985215
49.708298
48.462910
47.296575
46.156769
45.087357
44.040357
43.056350
42.091344
41.182962
40.290742
39.449629
38.622303
37.841279
37.072049
36.344911
35.627887
34.949252
34.279310
33.644480
33.017140
32.422004
31.833334
31.274273
30.720808
30.194630
29.673305
29.177182
28.685277
28.216695
27.751787
27.308503
26.868428
26.448438
26.031258
25.632762
25.236736
24.858117
24.481675
24.121475
23.763199
23.420098
23.078706
22.751510
22.425837
22.113460
21.802447
21.503901
21.206582
20.920966
20.636460
20.362951
20.090450
19.828292
19.567057
19.315559
19.064909
18.823434
18.582745
18.350707
18.119401
17.896260
17.673805
17.459062
17.244965
17.038157
16.831963
16.632662
16.433947
16.241757
16.050127
15.864678
15.679768
15.500716
15.322186
15.149211
14.976743
14.809545
14.642843
14.481144
14.319930
14.163468
14.007483
13.856014
13.705013
13.558308
13.412064
13.269907
13.128206
12.990395
12.853034
12.719379
12.586170
12.456491
12.327255
12.201384
12.075952
11.953730
11.831944
11.713219
11.594929
11.479560
11.364623
11.252477
11.140758
11.031707
10.923081
10.817003
10.711348
10.608131
10.505334
10.404867
10.304819
10.207002
10.109599
10.014332
9.919479
9.826669
9.734271
9.643831
9.553798
9.465643
9.377893
9.291943
9.206395
9.122573
9.039150
8.957383
8.876012
8.796231
8.716843
8.638981
8.561508
8.485501
8.409880
8.335668
8.261838
8.189363
8.117266
8.046471
7.976051
7.906883
7.838087
7.770496
7.703273
7.637209
7.571509
7.506925
7.442702
7.379554
7.316762
7.255006
7.193602
7.133196
7.073139
7.014044
6.955293
6.897471
6.839988
6.783401
6.727150
6.671762
6.616707
6.562485
6.508592
6.455503
6.402738
6.350751
6.299083
6.248166
6.197565
6.147690
6.098126
6.049264
6.000708
5.952832
5.905258
5.858341
5.811723
5.765740
5.720051
5.674978
5.630194
5.586006
5.542104
5.498779
5.455736
5.413252
5.371045
5.329380
5.287988
5.247122
5.206525
5.166436
5.126614
5.087285
5.048218
5.009629
4.971298
4.933432
4.895820
4.858658
4.821747
4.785273
4.749046
4.713243
4.677683
4.642536
4.607628
4.573120
4.538848
4.504966
4.471314
4.438042
4.404998
4.372322
4.339870
4.307777
4.275904
4.244380
4.213073
4.182105
4.151351
4.120926
4.090713
4.060820
4.031135
4.001762
3.972593
3.943729
3.915066
3.886699
3.858529
3.830649
3.802962
3.775558
3.748344
3.721405
3.694654
3.668171
3.641872
3.615835
3.589980
3.564379
3.538958
3.513785
3.488787
3.464033
3.439451
3.415107
3.390932
3.366989
3.343213
3.319663
3.296278
3.273113
3.250110
3.227322
3.204694
3.182276
3.160015
3.137959
3.116058
3.094358
3.072809
3.051456
3.030253
3.009242
2.988378
2.967701
2.947169
2.926820
2.906613
2.886586
2.866699
2.846987
2.827413
2.808010
2.788743
2.769644
2.750678
2.731877
2.713206
2.694697
2.676316
2.658093
2.639997
2.622055
2.604238
2.586572
2.569029
2.551634
2.534360
2.517230
2.500220
2.483352
2.466600
2.449988
2.433490
2.417129
2.400882
2.384768
2.368765
2.352893
2.337131
2.321498
2.305972
2.290573
2.275279
2.260109
2.245043
2.230099
2.215257
2.200534
2.185913
2.171407
2.157002
2.142710
2.128517
2.114436
2.100451
2.086577
2.072797
2.059125
2.045547
2.032074
2.018694
2.005418
1.992232
1.979148
1.966154
1.953260
1.940453
1.927745
1.915123
1.902598
1.890158
1.877813
1.865552
1.853384
1.841298
1.829304
1.817391
1.805568
1.793825
1.782170
1.770594
1.759105
1.747693
1.736366
1.725116
1.713950
1.702858
1.691849
1.680914
1.670060
1.659279
1.648577
1.637947
1.627396
1.616914
1.606510
1.596175
1.585917
1.575726
1.565610
1.555561
1.545585
1.535676
1.525839
1.516067
1.506366
1.496729
1.487162
1.477658
1.468223
1.458850
1.449545
1.440301
1.431123
1.422006
1.412954
1.403962
1.395034
1.386164
1.377358
1.368610
1.359924
1.351295
1.342727
1.334215
1.325763
1.317367
1.309030
1.300748
1.292524
1.284353
1.276240
1.268180
1.260176
1.252225
1.244329
1.236484
1.228695
1.220955
1.213270
1.205635
1.198053
1.190520
1.183039
1.175607
1.168226
1.160893
1.153610
1.146375
1.139190
1.132050
1.124961
1.117916
1.110921
1.103970
1.097067
1.090208
1.083396
1.076628
1.069907
1.063228
1.056595
1.050005
1.043459
1.036955
1.030496
1.024078
1.017703
1.011369
1.005079
0.998828
