2800.000000
1378.324790
918.935308
681.833577
543.778198
449.129666
383.605481
332.878335
294.881700
263.299033
238.585687
217.054159
199.733084
184.131254
171.336024
159.524221
149.696679
140.453301
132.675094
125.251801
118.947143
112.859914
107.649718
102.571652
98.196255
93.898644
90.174260
86.492329
83.285249
80.097308
77.307943
74.522192
72.074857
69.620759
67.456907
65.279387
63.353029
61.408466
59.682977
57.936387
56.382246
54.805251
53.398399
51.967747
50.688387
49.384847
48.216541
47.024080
45.953069
44.858215
43.872899
42.864249
41.954783
41.022630
40.180604
39.316631
38.534821
37.731864
37.004033
36.255888
35.576625
34.877897
34.242482
33.588455
32.992758
32.379295
31.819685
31.243142
30.716415
30.173568
29.676888
29.164879
28.695725
28.212007
27.768134
27.310434
26.889833
26.456115
26.056986
25.645421
25.266145
24.875085
24.514203
24.142160
23.798355
23.443983
23.116059
22.778135
22.465009
22.142423
21.843107
21.534845
21.248440
20.953578
20.679261
20.396952
20.133971
19.863438
19.611102
19.351633
19.109308
18.860246
18.627347
18.388088
18.164077
17.934061
17.718440
17.497152
17.289460
17.076421
16.876233
16.670999
16.477917
16.280077
16.093733
15.902903
15.722956
15.538779
15.364909
15.187051
15.018960
14.847111
14.684522
14.518391
14.361043
14.200358
14.048006
13.892512
13.744929
13.594387
13.451357
13.305542
13.166865
13.025566
12.891052
12.754070
12.623540
12.490689
12.363974
12.235077
12.112019
11.986909
11.867358
11.745879
11.629693
11.511696
11.398742
11.284085
11.174235
11.062787
10.955921
10.847555
10.743559
10.638156
10.536922
10.434368
10.335793
10.235980
10.139967
10.042794
9.949249
9.854617
9.763453
9.671271
9.582402
9.492581
9.405928
9.318385
9.233871
9.148525
9.066077
8.982852
8.902400
8.821224
8.742702
8.663504
8.586849
8.509563
8.434713
8.359277
8.286174
8.212525
8.141113
8.069195
7.999421
7.929176
7.860990
7.792366
7.725717
7.658664
7.593505
7.527973
7.464260
7.400202
7.337891
7.275261
7.214311
7.153068
7.093437
7.033538
6.975190
6.916596
6.859492
6.802164
6.746270
6.690171
6.635452
6.580546
6.526969
6.473223
6.420757
6.368138
6.316751
6.265227
6.214890
6.164430
6.115115
6.065691
6.017370
5.968953
5.921599
5.874162
5.827751
5.781266
5.735773
5.690216
5.645616
5.600963
5.557233
5.513460
5.470579
5.427663
5.385608
5.343526
5.302277
5.261009
5.220546
5.180071
5.140374
5.100671
5.061722
5.022773
4.984552
4.946338
4.908829
4.871331
4.834517
4.797718
4.761581
4.725465
4.689990
4.654540
4.619710
4.584910
4.550712
4.516546
4.482964
4.449418
4.416438
4.383497
4.351105
4.318755
4.286938
4.255165
4.223910
4.192702
4.161996
4.131339
4.101170
4.071052
4.041408
4.011817
3.982686
3.953610
3.924982
3.896410
3.868273
3.840193
3.812537
3.784939
3.757753
3.730627
3.703901
3.677236
3.650961
3.624747
3.598913
3.573141
3.547738
3.522398
3.497419
3.472502
3.447937
3.423435
3.399274
3.375178
3.351415
3.327716
3.304342
3.281033
3.258040
3.235111
3.212492
3.189937
3.167684
3.145495
3.123600
3.101770
3.080227
3.058748
3.037549
3.016415
2.995554
2.974758
2.954228
2.933763
2.913558
2.893417
2.873531
2.853708
2.834135
2.814624
2.795357
2.776152
2.757186
2.738281
2.719610
2.701000
2.682618
2.664297
2.646199
2.628161
2.610342
2.592582
2.575036
2.557550
2.540272
2.523054
2.506040
2.489084
2.472329
2.455631
2.439130
2.422685
2.406433
2.390238
2.374231
2.358279
2.342513
2.326801
2.311271
2.295795
2.280496
2.265251
2.250180
2.235163
2.220315
2.205521
2.190894
2.176319
2.161907
2.147547
2.133348
2.119200
2.105209
2.091269
2.077483
2.063747
2.050163
2.036627
2.023241
2.009903
1.996711
1.983567
1.970566
1.957612
1.944799
1.932033
1.919405
1.906823
1.894377
1.881976
1.869708
1.857485
1.845393
1.833345
1.821426
1.809550
1.797801
1.786094
1.774512
1.762971
1.751553
1.740177
1.728920
1.717705
1.706607
1.695550
1.684609
1.673708
1.662920
1.652172
1.641536
1.630939
1.620452
1.610003
1.599662
1.589359
1.579163
1.569003
1.558949
1.548931
1.539016
1.529137
1.519359
1.509617
1.499974
1.490367
1.480857
1.471383
1.462004
1.452660
1.443410
1.434194
1.425072
1.415982
1.406984
1.398019
1.389145
1.380302
1.371549
1.362827
1.354192
1.345589
1.337072
1.328586
1.320185
1.311814
1.303526
1.295269
1.287093
1.278947
1.270882
1.262846
1.254890
1.246962
1.239113
1.231292
1.223548
1.215832
1.208192
1.200579
1.193041
1.185531
1.178094
1.170684
1.163346
1.156034
1.148795
1.141581
1.134437
1.127319
1.120271
1.113247
1.106292
1.099362
1.092499
1.085660
1.078888
1.072140
1.065458
1.058799
1.052204
1.045633
1.039125
1.032641
1.026219
1.019819
1.013482
1.007166
1.000912
0.994679
