2800.000000
1390.658532
919.415071
679.906588
539.136451
443.798373
377.411238
326.919681
288.617185
257.536058
232.720154
211.721793
194.380442
179.271802
166.490221
155.115135
145.313878
136.452014
128.702955
121.612251
115.335191
109.538610
104.352676
99.529668
95.174717
91.101973
87.394379
83.911616
80.718111
77.707345
74.928886
72.301381
69.862828
67.550593
65.393903
63.343986
61.423607
59.594173
57.873849
56.231424
54.681930
53.199419
51.796934
50.452181
49.177089
47.951807
46.787805
45.666773
44.600202
43.570652
42.589978
41.641123
40.736543
39.859213
39.022341
38.208691
37.432312
36.675595
35.953469
35.247851
34.574555
33.914968
33.285769
32.667791
32.078537
31.498293
30.945333
30.399413
29.879519
29.364913
28.875226
28.389266
27.927244
27.467558
27.030931
26.595404
26.182144
25.768883
25.377170
24.984477
24.612674
24.239021
23.885652
23.529661
23.193393
22.853819
22.533443
22.209155
21.903574
21.593546
21.301763
21.005060
20.726165
20.441935
20.175096
19.902558
19.647014
19.385454
19.140509
18.889271
18.654283
18.412762
18.187142
17.954784
17.737988
17.514278
17.305804
17.090269
16.889654
16.681853
16.488667
16.288194
16.102038
15.908513
15.729018
15.542089
15.368910
15.188249
15.021065
14.846366
14.684880
14.515857
14.359788
14.196174
14.045261
13.886806
13.740806
13.587274
13.445958
13.297129
13.160282
13.015949
12.883370
12.743339
12.614838
12.478924
12.354323
12.222355
12.101486
11.973300
11.856005
11.731447
11.617576
11.496500
11.385912
11.268181
11.160743
11.046226
10.941812
10.830385
10.728875
10.620422
10.521703
10.416111
10.320076
10.217241
10.123787
10.023607
9.932638
9.835018
9.746442
9.651292
9.565021
9.472252
9.388203
9.297735
9.215828
9.127580
9.047741
8.961639
8.883795
8.799766
8.723848
8.641824
8.567767
8.487682
8.415423
8.337214
8.266694
8.190301
8.121461
8.046828
7.979613
7.906683
7.841043
7.769763
7.705646
7.635966
7.573324
7.505196
7.443983
7.377359
7.317530
7.252366
7.193880
7.130132
7.072948
7.010575
6.954653
6.893615
6.838918
6.779177
6.725669
6.667188
6.614834
6.557577
6.506343
6.450277
6.400132
6.345223
6.296135
6.242352
6.194291
6.141603
6.094541
6.042918
5.996828
5.946242
5.901097
5.851520
5.807293
5.758699
5.715367
5.667730
5.625268
5.578563
5.536948
5.491152
5.450362
5.405451
5.365464
5.321416
5.282212
5.239005
5.200563
5.158177
5.120478
5.078891
5.041916
5.001111
4.964841
4.924797
4.889216
4.849915
4.815006
4.776430
4.742175
4.704307
4.670691
4.633514
4.600522
4.564020
4.531637
4.495794
4.464004
4.428806
4.397596
4.363027
4.332383
4.298429
4.268338
4.234985
4.205435
4.172668
4.143646
4.111454
4.082947
4.051316
4.023314
3.992232
3.964722
3.934178
3.907149
3.877130
3.850573
3.821067
3.794970
3.765967
3.740321
3.711809
3.686604
3.658574
3.633799
3.606241
3.581888
3.554791
3.530851
3.504205
3.480669
3.454466
3.431325
3.405555
3.382801
3.357455
3.335080
3.310150
3.288146
3.263623
3.241983
3.217859
3.196574
3.172841
3.151905
3.128555
3.107960
3.084986
3.064725
3.042119
3.022187
2.999941
2.980330
2.958439
2.939143
2.917598
2.898610
2.877406
2.858721
2.837850
2.819462
2.798918
2.780821
2.760598
2.742786
2.722878
2.705346
2.685747
2.668490
2.649193
2.632205
2.613206
2.596483
2.577776
2.561311
2.542890
2.526680
2.508541
2.492580
2.474716
2.459000
2.441408
2.425932
2.408606
2.393366
2.376302
2.361293
2.344485
2.329704
2.313148
2.298590
2.282281
2.267942
2.251877
2.237753
2.221926
2.208014
2.192422
2.178717
2.163355
2.149855
2.134719
2.121419
2.106506
2.093402
2.078707
2.065798
2.051318
2.038598
2.024329
2.011795
1.997734
1.985384
1.971527
1.959357
1.945700
1.933708
1.920248
1.908430
1.895163
1.883516
1.870441
1.858962
1.846073
1.834760
1.822056
1.810905
1.798382
1.787391
1.775046
1.764213
1.752043
1.741364
1.729367
1.718840
1.707012
1.696634
1.684973
1.674743
1.663246
1.653160
1.641824
1.631881
1.620704
1.610900
1.599879
1.590214
1.579347
1.569816
1.559100
1.549704
1.539136
1.529871
1.519450
1.510313
1.500037
1.491027
1.480893
1.472008
1.462013
1.453251
1.443394
1.434753
1.425031
1.416509
1.406920
1.398516
1.389058
1.380769
1.371440
1.363265
1.354063
1.346000
1.336923
1.328970
1.320017
1.312172
1.303340
1.295602
1.286889
1.279256
1.270661
1.263132
1.254653
1.247225
1.238861
1.231533
1.223281
1.216053
1.207911
1.200780
1.192747
1.185712
1.177787
1.170846
1.163027
1.156179
1.148464
1.141708
1.134096
1.127430
1.119919
1.113342
1.105930
1.099441
1.092127
1.085724
1.078508
1.072190
1.065068
1.058834
1.051807
1.045655
1.038720
1.032650
1.025806
1.019816
1.013063
1.007151
1.000486
0.994653
