2800.000000
1380.212711
912.765118
675.759536
537.352858
443.736027
378.321773
328.560221
290.570652
259.805685
235.027674
214.178375
196.762857
181.729415
168.831463
157.494634
147.565876
138.721466
130.847728
123.761652
117.368692
111.568388
106.277429
101.445138
96.996256
92.910557
89.119468
85.621405
82.353818
79.326362
76.482107
73.837212
71.340049
69.010220
66.801098
64.733731
62.766203
60.919706
59.156737
57.497796
55.909498
54.411119
52.973106
51.613194
50.305376
49.065670
47.871348
46.736635
45.641818
44.599320
43.592200
42.631112
41.701655
40.812781
39.952412
39.127878
38.329222
37.562250
36.818936
36.103659
35.410153
34.741472
34.092947
33.466408
32.858635
32.270333
31.699593
31.146090
30.609100
30.087358
29.581210
29.088535
28.610644
28.144639
27.692700
27.251226
26.823179
26.404323
25.998318
25.600360
25.214736
24.836130
24.469388
24.108738
23.759524
23.415566
23.082652
22.754242
22.436514
22.122610
21.819054
21.518707
21.228398
20.940743
20.662835
20.387079
20.120798
19.856215
19.600852
19.346775
19.101676
18.857491
18.622055
18.387197
18.160871
17.934817
17.717088
17.499355
17.289750
17.079890
16.877969
16.675568
16.480924
16.285595
16.097850
15.909234
15.728035
15.545798
15.370816
15.194646
15.025575
14.855181
14.691734
14.526842
14.368751
14.209106
14.056121
13.901484
13.753368
13.603514
13.460048
13.314764
13.175740
13.034829
12.900051
12.763325
12.632610
12.499893
12.373067
12.244192
12.121091
11.995902
11.876372
11.754719
11.638615
11.520358
11.407541
11.292546
11.182887
11.071028
10.964401
10.855558
10.751848
10.645908
10.545002
10.441856
10.343649
10.243196
10.147587
10.049728
9.956622
9.861265
9.770571
9.677626
9.589257
9.498641
9.412516
9.324148
9.240186
9.153990
9.072118
8.988019
8.908165
8.826094
8.748190
8.668080
8.592059
8.513846
8.439648
8.363270
8.290833
8.216233
8.145501
8.072621
8.003539
7.932326
7.864842
7.795244
7.729308
7.661275
7.596838
7.530323
7.467339
7.402296
7.340721
7.277106
7.216898
7.154669
7.095786
7.034903
6.977306
6.917729
6.861381
6.803073
6.747937
6.690862
6.636902
6.581026
6.528209
6.473497
6.421792
6.368213
6.317587
6.265109
6.215533
6.164126
6.115572
6.065207
6.017645
5.968295
5.921699
5.873336
5.827680
5.780279
5.735538
5.689073
5.645222
5.599669
5.556686
5.512022
5.469884
5.426085
5.384770
5.341815
5.301302
5.259170
5.219439
5.178109
5.139139
5.098592
5.060365
5.020580
4.983078
4.944038
4.907242
4.868928
4.832821
4.795217
4.759782
4.722870
4.688091
4.651855
4.617717
4.582140
4.548627
4.513695
4.480792
4.446490
4.414183
4.380495
4.348771
4.315684
4.284529
4.252029
4.221430
4.189504
4.159447
4.128082
4.098557
4.067740
4.038733
4.008453
3.979954
3.950198
3.922194
3.892952
3.865433
3.836692
3.809648
3.781398
3.754818
3.727049
3.700923
3.673623
3.647941
3.621103
3.595855
3.569467
3.544645
3.518698
3.494293
3.468777
3.444780
3.419687
3.396089
3.371410
3.348203
3.323930
3.301106
3.277230
3.254781
3.231295
3.209213
3.186108
3.164386
3.141656
3.120286
3.097922
3.076898
3.054893
3.034207
3.012554
2.992201
2.970893
2.950865
2.929895
2.910186
2.889549
2.870152
2.849840
2.830750
2.810757
2.791968
2.772288
2.753794
2.734422
2.716217
2.697145
2.679224
2.660448
2.642806
2.624320
2.606951
2.588749
2.571648
2.553726
2.536888
2.519240
2.502660
2.485282
2.468955
2.451841
2.435763
2.418908
2.403074
2.386474
2.370880
2.354529
2.339171
2.323066
2.307939
2.292075
2.277175
2.261548
2.246870
2.231476
2.217018
2.201852
2.187608
2.172667
2.158635
2.143915
2.130090
2.115586
2.101965
2.087675
2.074254
2.060172
2.046949
2.033073
2.020043
2.006369
1.993529
1.980054
1.967400
1.954121
1.941651
1.928563
1.916274
1.903375
1.891264
1.878550
1.866613
1.854082
1.842316
1.829965
1.818368
1.806192
1.794761
1.782759
1.771491
1.759660
1.748552
1.736889
1.725939
1.714441
1.703646
1.692310
1.681668
1.670491
1.659999
1.648980
1.638635
1.627771
1.617572
1.606859
1.596803
1.586240
1.576324
1.565908
1.556131
1.545860
1.536219
1.526090
1.516583
1.506595
1.497220
1.487370
1.478124
1.468410
1.459292
1.449712
1.440719
1.431271
1.422402
1.413083
1.404336
1.395145
1.386518
1.377452
1.368943
1.360001
1.351609
1.342788
1.334510
1.325810
1.317644
1.309062
1.301007
1.292541
1.284595
1.276244
1.268405
1.260167
1.252434
1.244307
1.236678
1.228660
1.221135
1.213224
1.205800
1.197995
1.190671
1.182971
1.175744
1.168147
1.161017
1.153522
1.146487
1.139091
1.132151
1.124853
1.118005
1.110804
1.104047
1.096942
1.090274
1.083264
1.076684
1.069766
1.063274
1.056447
1.050041
1.043304
1.036982
1.030335
1.024096
1.017535
1.011379
1.004905
0.998829
