350
170.852
113.089
83.7226
66.5745
54.9434
46.8413
40.6562
35.96
32.1353
29.0783
26.4847
24.34
22.4682
20.8823
19.4694
18.2503
17.147
16.1814
15.2966
14.5135
13.7886
13.1411
12.5367
11.9927
11.4813
11.0181
10.5799
10.1809
9.80146
9.45423
9.12259
8.81782
8.52556
8.256
7.99656
7.7565
7.52472
7.30963
7.10134
6.90755
6.7194
6.54392
6.37315
6.21354
6.05786
5.91207
5.7696
5.63592
5.50504
5.38204
5.26142
5.14787
5.03634
4.9312
4.82779
4.73016
4.63401
4.54311
4.45349
4.36866
4.28491
4.20556
4.12714
4.05275
3.97917
3.90928
3.8401
3.77433
3.70916
3.64715
3.58566
3.52709
3.46897
3.41356
3.35855
3.30605
3.25391
3.2041
3.15459
3.10726
3.06021
3.01518
2.9704
2.92751
2.88484
2.84394
2.80323
2.76418
2.72531
2.68799
2.65082
2.61512
2.57956
2.54537
2.51131
2.47854
2.44588
2.41444
2.38311
2.35293
2.32284
2.29384
2.26493
2.23703
2.20923
2.18238
2.15562
2.12977
2.104
2.07908
2.05424
2.03022
2.00627
1.98308
1.95997
1.93759
1.91527
1.89365
1.87209
1.85119
1.83036
1.81014
1.78999
1.77043
1.75094
1.732
1.71313
1.69479
1.67651
1.65874
1.64103
1.6238
1.60663
1.58992
1.57327
1.55706
1.54091
1.52517
1.50949
1.49422
1.47899
1.46415
1.44937
1.43494
1.42058
1.40656
1.39259
1.37896
1.36539
1.35213
1.33892
1.32602
1.31317
1.30061
1.2881
1.27588
1.2637
1.25179
1.23993
1.22833
1.21678
1.20548
1.19422
1.18321
1.17224
1.16149
1.1508
1.14032
1.12989
1.11967
1.1095
1.09953
1.08961
1.07987
1.07019
1.06069
1.05123
1.04196
1.03273
1.02367
1.01466
1.00581
0.997006
0.98836
0.979761
0.971312
0.962909
0.954651
0.946439
0.938366
0.930338
0.922444
0.914595
0.906876
0.8992
0.891649
0.884142
0.876756
0.869412
0.862184
0.854998
0.847925
0.840894
0.83397
0.827088
0.820311
0.813574
0.806938
0.800342
0.793844
0.787385
0.781021
0.774696
0.768461
0.762266
0.756158
0.750089
0.744104
0.738157
0.732293
0.726465
0.720718
0.715006
0.709372
0.703774
0.698251
0.692763
0.687347
0.681967
0.676656
0.671381
0.666172
0.660999
0.65589
0.650816
0.645805
0.640827
0.635911
0.631027
0.626204
0.621412
0.616679
0.611977
0.607332
0.602718
0.598159
0.593631
0.589155
0.58471
0.580317
0.575954
0.57164
0.567356
0.563121
0.558914
0.554755
0.550625
0.54654
0.542484
0.538472
0.534488
0.530547
0.526634
0.522763
0.518919
0.515116
0.511339
0.507602
0.503892
0.50022
0.496574
0.492966
0.489383
0.485837
0.482316
0.478831
0.47537
0.471945
0.468543
0.465176
0.461832
0.458521
0.455234
0.451979
0.448748
0.445547
0.44237
0.439223
0.436098
0.433004
0.429931
0.426888
0.423866
0.420874
0.417902
0.414958
0.412035
0.409139
0.406264
0.403415
0.400587
0.397784
0.395002
0.392245
0.389507
0.386795
0.384101
0.381432
0.378782
0.376155
0.373547
0.370963
0.368396
0.365853
0.363327
0.360823
0.358337
0.355873
0.353427
0.351001
0.348593
0.346205
0.343835
0.341485
0.339151
0.336837
0.334539
0.332262
0.33
0.327757
0.32553
0.323321
0.321129
0.318954
0.316795
0.314654
0.312528
0.310419
0.308325
0.306248
0.304186
0.302141
0.30011
0.298096
0.296096
0.294112
0.292141
0.290187
0.288247
0.286322
0.28441
0.282514
0.28063
0.278762
0.276907
0.275067
0.273239
0.271426
0.269625
0.267839
0.266065
0.264304
0.262556
0.260822
0.2591
0.257391
0.255693
0.254009
0.252337
0.250677
0.249029
0.247393
0.245769
0.244157
0.242557
0.240968
0.23939
0.237825
0.23627
0.234727
0.233194
0.231673
0.230162
0.228663
0.227174
0.225696
0.224228
0.222771
0.221324
0.219888
0.218462
0.217046
0.21564
0.214244
0.212857
0.211481
0.210114
0.208758
0.20741
0.206072
0.204743
0.203425
0.202114
0.200814
0.199522
0.19824
0.196966
0.195701
0.194445
0.193198
0.19196
0.19073
0.189508
0.188296
0.187091
0.185895
0.184707
0.183528
0.182356
0.181193
0.180038
0.17889
0.177751
0.176619
0.175495
0.174379
0.17327
0.17217
0.171076
0.16999
0.168912
0.167841
0.166777
0.16572
0.164671
0.163629
0.162594
0.161566
0.160544
0.15953
0.158523
0.157522
0.156528
0.155541
0.15456
0.153587
0.152619
0.151659
0.150704
0.149757
0.148815
0.14788
0.146951
0.146028
0.145112
0.144201
0.143297
0.142399
0.141506
0.14062
0.139739
0.138865
0.137996
0.137133
0.136276
0.135425
0.134578
0.133738
0.132904
0.132074
0.131251
0.130432
0.129619
0.128812
0.12801
0.127213
0.126421
0.125635
0.124854
0.129688
0.128886
0.128078
0.127286
0.126489
0.125708
0.12492
