2800.000000
1451.190147
957.706498
708.426359
559.751078
461.468210
391.818538
339.943306
299.843977
267.942994
241.975866
220.439823
202.298590
186.814576
173.448631
161.797632
151.554212
142.479993
134.387306
127.126430
120.576484
114.638830
109.232188
104.288999
99.752647
95.575344
91.716471
88.141292
84.819924
81.726524
78.838628
76.136618
73.603288
71.223481
68.983798
66.872347
64.878543
62.992925
61.207019
59.513209
57.904633
56.375088
54.918959
53.531147
52.207013
50.942325
49.733219
48.576153
47.467881
46.405420
45.386023
44.407157
43.466482
42.561836
41.691214
40.852757
40.044738
39.265549
38.513696
37.787782
37.086505
36.408648
35.753071
35.118707
34.504556
33.909677
33.333190
32.774263
32.232115
31.706011
31.195256
30.699196
30.217211
29.748717
29.293162
28.850020
28.418796
27.999021
27.590246
27.192050
26.804030
26.425802
26.057005
25.697290
25.346329
25.003808
24.669428
24.342902
24.023958
23.712336
23.407788
23.110076
22.818973
22.534261
22.255732
21.983188
21.716437
21.455297
21.199593
20.949155
20.703824
20.463443
20.227865
19.996946
19.770550
19.548543
19.330799
19.117197
18.907618
18.701949
18.500081
18.301910
18.107334
17.916255
17.728580
17.544218
17.363081
17.185086
17.010149
16.838193
16.669142
16.502921
16.339461
16.178691
16.020547
15.864963
15.711878
15.561231
15.412964
15.267021
15.123347
14.981890
14.842597
14.705420
14.570310
14.437220
14.306106
14.176922
14.049628
13.924181
13.800541
13.678669
13.558527
13.440079
13.323289
13.208122
13.094544
12.982523
12.872027
12.763024
12.655485
12.549381
12.444681
12.341360
12.239390
12.138744
12.039397
11.941324
11.844500
11.748903
11.654508
11.561294
11.469238
11.378319
11.288516
11.199809
11.112178
11.025604
10.940067
10.855550
10.772034
10.689503
10.607937
10.527322
10.447641
10.368877
10.291016
10.214041
10.137939
10.062693
9.988292
9.914719
9.841963
9.770009
9.698844
9.628456
9.558833
9.489962
9.421831
9.354430
9.287745
9.221767
9.156484
9.091885
9.027961
8.964700
8.902094
8.840131
8.778803
8.718100
8.658012
8.598531
8.539648
8.481354
8.423641
8.366499
8.309922
8.253901
8.198427
8.143494
8.089094
8.035219
7.981862
7.929015
7.876673
7.824827
7.773472
7.722600
7.672205
7.622280
7.572820
7.523818
7.475267
7.427163
7.379499
7.332269
7.285468
7.239091
7.193131
7.147584
7.102443
7.057705
7.013364
6.969414
6.925852
6.882671
6.839869
6.797438
6.755376
6.713678
6.672339
6.631354
6.590720
6.550433
6.510487
6.470880
6.431606
6.392663
6.354046
6.315751
6.277774
6.240113
6.202762
6.165719
6.128980
6.092542
6.056401
6.020553
5.984996
5.949725
5.914739
5.880033
5.845605
5.811451
5.777568
5.743954
5.710605
5.677519
5.644693
5.612123
5.579807
5.547742
5.515926
5.484356
5.453030
5.421943
5.391095
5.360483
5.330104
5.299955
5.270035
5.240340
5.210869
5.181619
5.152588
5.123774
5.095174
5.066787
5.038609
5.010640
4.982876
4.955316
4.927958
4.900800
4.873839
4.847074
4.820503
4.794124
4.767934
4.741933
4.716118
4.690488
4.665040
4.639773
4.614686
4.589775
4.565041
4.540480
4.516092
4.491875
4.467827
4.443946
4.420231
4.396680
4.373293
4.350067
4.327000
4.304092
4.281341
4.258745
4.236303
4.214013
4.191875
4.169887
4.148047
4.126354
4.104807
4.083404
4.062144
4.041026
4.020049
3.999211
3.978512
3.957949
3.937521
3.917229
3.897069
3.877042
3.857145
3.837378
3.817740
3.798230
3.778846
3.759587
3.740453
3.721442
3.702553
3.683785
3.665137
3.646609
3.628198
3.609904
3.591727
3.573665
3.555716
3.537881
3.520159
3.502547
3.485046
3.467654
3.450371
3.433196
3.416127
3.399165
3.382307
3.365554
3.348904
3.332356
3.315910
3.299565
3.283320
3.267174
3.251127
3.235178
3.219325
3.203568
3.187907
3.172340
3.156868
3.141488
3.126201
3.111005
3.095901
3.080886
3.065961
3.051125
3.036377
3.021717
3.007143
2.992656
2.978254
2.963937
2.949704
2.935554
2.921487
2.907503
2.893600
2.879779
2.866037
2.852376
2.838794
2.825290
2.811865
2.798516
2.785245
2.772050
2.758931
2.745887
2.732917
2.720022
2.707200
2.694451
2.681775
2.669171
2.656638
2.644176
2.631784
2.619462
2.607210
2.595026
2.582911
2.570863
2.558884
2.546970
2.535124
2.523343
2.511628
2.499978
2.488393
2.476871
2.465414
2.454019
2.442687
2.431418
2.420211
2.409065
2.397980
2.386956
2.375992
2.365087
2.354242
2.343456
2.332729
2.322060
2.311449
2.300895
2.290398
2.279957
2.269573
2.259244
2.248971
2.238754
2.228590
2.218482
2.208427
2.198426
2.188478
2.178582
2.168740
2.158950
2.149211
2.139524
2.129888
2.120303
2.110769
2.101285
2.091850
2.082465
2.073129
2.063843
2.054604
2.045414
2.036272
2.027177
2.018130
2.009130
2.000176
1.991269
1.982408
1.973592
1.964823
1.956098
1.947418
1.938783
1.930192
1.921646
1.913143
1.904684
1.896268
1.887895
1.879564
1.871276
1.863031
1.854827
1.846664
1.838544
1.830464
1.822425
1.814427
1.806469
1.798551
1.790673
1.782835
1.775036
1.767276
1.759555
1.751873
1.744229
1.736624
1.729056
1.721526
1.714034
1.706578
1.699160
1.691779
1.684434
1.677126
1.669854
1.662617
1.655417
1.648252
1.641122
1.634027
1.626968
1.619943
1.612952
1.605996
1.599073
1.592185
1.585330
1.578508
1.571720
1.564965
1.558243
1.551553
1.544896
1.538272
1.531679
1.525118
1.518589
1.512092
1.505626
1.499191
1.492787
1.486414
1.480071
1.473759
1.467478
1.461226
1.455005
1.448813
1.442650
1.436518
1.430414
1.424340
1.418294
1.412277
1.406289
1.400330
1.394398
1.388495
1.382620
1.376772
1.370952
1.365160
1.359395
1.353657
1.347946
1.342262
1.336605
1.330975
1.325370
1.319793
1.314241
1.308715
1.303215
1.297741
1.292293
1.286869
1.281472
1.276099
1.270751
1.265428
1.260130
1.254857
1.249608
1.244383
1.239183
1.234006
1.228854
1.223725
1.218620
1.213539
1.208481
1.203446
1.198435
1.193446
1.188481
1.183538
1.178618
1.173721
1.168845
1.163993
1.159162
1.154354
1.149567
1.144803
1.140060
1.135338
1.130638
1.125960
1.121303
1.116667
1.112052
1.107458
1.102885
1.098332
1.093800
1.089289
1.084798
1.080327
1.075877
1.071446
1.067036
1.062645
1.058274
1.053923
1.049591
1.045279
1.040986
1.036713
1.032458
1.028223
1.024006
1.019809
1.015630
1.011470
1.007328
1.003205
0.999100
