2800.000000
1440.242694
952.716903
707.433695
561.442038
465.036318
396.713128
345.766377
306.302886
274.822397
249.117928
227.729393
209.652036
194.171444
180.765480
169.043501
158.707307
149.525254
141.314636
133.929382
127.251305
121.183742
115.646869
110.574184
105.909839
101.606590
97.624204
93.928201
90.488865
87.280451
84.280538
81.469516
78.830155
76.347255
74.007359
71.798507
69.710034
67.732403
65.857053
64.076285
62.383150
60.771364
59.235229
57.769566
56.369655
55.031191
53.750235
52.523175
51.346699
50.217755
49.133536
48.091448
47.089095
46.124258
45.194881
44.299055
43.435003
42.601075
41.795729
41.017529
40.265131
39.537282
38.832803
38.150595
37.489622
36.848913
36.227556
35.624692
35.039511
34.471250
33.919191
33.382653
32.860995
32.353610
31.859922
31.379387
30.911490
30.455740
30.011675
29.578851
29.156851
28.745275
28.343744
27.951897
27.569390
27.195894
26.831097
26.474700
26.126418
25.785978
25.453120
25.127596
24.809166
24.497604
24.192691
23.894216
23.601981
23.315793
23.035467
22.760826
22.491700
22.227926
21.969347
21.715813
21.467178
21.223302
20.984052
20.749298
20.518915
20.292784
20.070789
19.852819
19.638766
19.428526
19.222000
19.019091
18.819705
18.623753
18.431148
18.241804
18.055642
17.872583
17.692550
17.515470
17.341271
17.169886
17.001246
16.835288
16.671948
16.511167
16.352885
16.197044
16.043591
15.892471
15.743633
15.597025
15.452598
15.310306
15.170102
15.031941
14.895779
14.761574
14.629285
14.498871
14.370295
14.243518
14.118503
13.995214
13.873617
13.753678
13.635363
13.518641
13.403480
13.289850
13.177721
13.067064
12.957851
12.850055
12.743648
12.638606
12.534901
12.432510
12.331408
12.231572
12.132979
12.035605
11.939430
11.844431
11.750589
11.657881
11.566290
11.475794
11.386376
11.298016
11.210696
11.124399
11.039107
10.954803
10.871471
10.789095
10.707659
10.627146
10.547543
10.468834
10.391005
10.314042
10.237930
10.162656
10.088207
10.014570
9.941732
9.869681
9.798404
9.727889
9.658125
9.589101
9.520804
9.453224
9.386350
9.320172
9.254680
9.189862
9.125709
9.062212
8.999360
8.937145
8.875556
8.814586
8.754225
8.694465
8.635296
8.576711
8.518702
8.461260
8.404377
8.348047
8.292260
8.237010
8.182289
8.128090
8.074406
8.021230
7.968555
7.916375
7.864683
7.813472
7.762737
7.712470
7.662666
7.613318
7.564421
7.515970
7.467957
7.420378
7.373227
7.326499
7.280188
7.234289
7.188797
7.143707
7.099013
7.054711
7.010797
6.967265
6.924110
6.881328
6.838915
6.796866
6.755176
6.713842
6.672859
6.632222
6.591929
6.551974
6.512354
6.473065
6.434103
6.395464
6.357145
6.319141
6.281450
6.244067
6.206989
6.170212
6.133734
6.097550
6.061658
6.026055
5.990736
5.955699
5.920941
5.886458
5.852248
5.818308
5.784634
5.751224
5.718075
5.685184
5.652549
5.620165
5.588032
5.556146
5.524505
5.493106
5.461946
5.431023
5.400335
5.369878
5.339651
5.309652
5.279877
5.250325
5.220993
5.191879
5.162981
5.134297
5.105823
5.077560
5.049503
5.021652
4.994004
4.966556
4.939308
4.912257
4.885401
4.858739
4.832267
4.805985
4.779891
4.753982
4.728258
4.702716
4.677354
4.652171
4.627164
4.602334
4.577677
4.553192
4.528877
4.504731
4.480752
4.456939
4.433290
4.409804
4.386478
4.363313
4.340305
4.317454
4.294758
4.272216
4.249826
4.227588
4.205499
4.183558
4.161764
4.140116
4.118612
4.097251
4.076032
4.054953
4.034014
4.013212
3.992548
3.972019
3.951624
3.931363
3.911233
3.891235
3.871366
3.851626
3.832014
3.812528
3.793167
3.773931
3.754818
3.735827
3.716957
3.698207
3.679577
3.661064
3.642669
3.624390
3.606226
3.588176
3.570240
3.552415
3.534703
3.517100
3.499607
3.482223
3.464947
3.447777
3.430714
3.413756
3.396902
3.380151
3.363503
3.346957
3.330512
3.314167
3.297922
3.281775
3.265726
3.249774
3.233918
3.218158
3.202492
3.186921
3.171442
3.156057
3.140763
3.125560
3.110447
3.095425
3.080491
3.065646
3.050888
3.036217
3.021633
3.007134
2.992720
2.978391
2.964145
2.949983
2.935903
2.921904
2.907987
2.894151
2.880394
2.866717
2.853119
2.839599
2.826157
2.812791
2.799503
2.786290
2.773152
2.760090
2.747101
2.734187
2.721346
2.708577
2.695880
2.683256
2.670702
2.658219
2.645806
2.633462
2.621188
2.608982
2.596844
2.584774
2.572771
2.560835
2.548965
2.537161
2.525422
2.513748
2.502138
2.490592
2.479109
2.467690
2.456333
2.445038
2.433805
2.422633
2.411522
2.400472
2.389481
2.378551
2.367679
2.356866
2.346112
2.335415
2.324777
2.314195
2.303670
2.293202
2.282790
2.272433
2.262132
2.251886
2.241694
2.231557
2.221473
2.211443
2.201466
2.191542
2.181670
2.171850
2.162083
2.152366
2.142701
2.133086
2.123522
2.114007
2.104543
2.095128
2.085762
2.076445
2.067176
2.057956
2.048783
2.039658
2.030580
2.021549
2.012565
2.003627
1.994735
1.985889
1.977088
1.968332
1.959622
1.950955
1.942334
1.933756
1.925222
1.916731
1.908284
1.899880
1.891518
1.883198
1.874921
1.866686
1.858492
1.850340
1.842229
1.834158
1.826129
1.818139
1.810190
1.802280
1.794410
1.786580
1.778788
1.771036
1.763322
1.755647
1.748009
1.740410
1.732849
1.725324
1.717838
1.710388
1.702975
1.695599
1.688259
1.680955
1.673687
1.666455
1.659258
1.652097
1.644971
1.637879
1.630823
1.623801
1.616813
1.609859
1.602939
1.596053
1.589200
1.582380
1.575594
1.568841
1.562120
1.555431
1.548775
1.542152
1.535560
1.528999
1.522471
1.515974
1.509508
1.503073
1.496669
1.490295
1.483953
1.477640
1.471358
1.465105
1.458883
1.452690
1.446526
1.440392
1.434287
1.428211
1.422164
1.416145
1.410155
1.404193
1.398260
1.392354
1.386477
1.380627
1.374804
1.369009
1.363241
1.357500
1.351787
1.346100
1.340439
1.334805
1.329198
1.323616
1.318061
1.312532
1.307028
1.301550
1.296098
1.290670
1.285268
1.279892
1.274540
1.269212
1.263910
1.258632
1.253378
1.248149
1.242944
1.237763
1.232605
1.227472
1.222362
1.217275
1.212212
1.207172
1.202155
1.197162
1.192191
1.187243
1.182317
1.177414
1.172533
1.167675
1.162838
1.158024
1.153232
1.148461
1.143712
1.138985
1.134279
1.129595
1.124931
1.120289
1.115668
1.111067
1.106488
1.101929
1.097391
1.092873
1.088375
1.083898
1.079441
1.075004
1.070587
1.066189
1.061812
1.057454
1.053115
1.048796
1.044496
1.040216
1.035954
1.031712
1.027489
1.023284
1.019098
1.014931
1.010782
1.006652
1.002540
0.998446
