2800.000000
1462.288116
965.771327
714.018284
564.012865
465.147154
395.319735
343.464417
303.470118
271.702139
245.868892
224.456049
206.423462
191.033228
177.747356
166.164333
155.978398
146.952590
138.900420
131.673119
125.150570
119.234743
113.844852
108.913740
104.385135
100.211538
96.352595
92.773804
89.445501
86.342051
83.441183
80.723469
78.171882
75.771439
73.508908
71.372561
69.351963
67.437806
65.621757
63.896335
62.254807
60.691096
59.199700
57.775633
56.414358
55.111742
53.864013
52.667717
51.519689
50.417020
49.357035
48.337268
47.355441
46.409448
45.497339
44.617304
43.767661
42.946847
42.153406
41.385977
40.643292
39.924164
39.227483
38.552207
37.897360
37.262024
36.645337
36.046487
35.464709
34.899283
34.349527
33.814800
33.294493
32.788031
32.294870
31.814495
31.346415
30.890166
30.445307
30.011420
29.588105
29.174982
28.771691
28.377888
27.993243
27.617443
27.250190
26.891198
26.540194
26.196917
25.861118
25.532556
25.211005
24.896243
24.588062
24.286260
23.990642
23.701025
23.417228
23.139082
22.866421
22.599088
22.336930
22.079801
21.827559
21.580070
21.337202
21.098830
20.864831
20.635089
20.409491
20.187928
19.970294
19.756489
19.546413
19.339973
19.137076
18.937634
18.741561
18.548775
18.359194
18.172743
17.989345
17.808928
17.631421
17.456756
17.284868
17.115691
16.949164
16.785227
16.623821
16.464889
16.308376
16.154229
16.002396
15.852827
15.705472
15.560284
15.417217
15.276227
15.137268
15.000300
14.865280
14.732169
14.600928
14.471518
14.343902
14.218045
14.093912
13.971468
13.850680
13.731516
13.613944
13.497933
13.383455
13.270478
13.158976
13.048919
12.940282
12.833038
12.727160
12.622625
12.519406
12.417482
12.316827
12.217419
12.119237
12.022258
11.926461
11.831825
11.738331
11.645958
11.554687
11.464499
11.375375
11.287299
11.200251
11.114215
11.029173
10.945110
10.862010
10.779855
10.698632
10.618324
10.538917
10.460397
10.382749
10.305960
10.230016
10.154903
10.080609
10.007121
9.934426
9.862512
9.791367
9.720980
9.651338
9.582431
9.514248
9.446777
9.380009
9.313932
9.248536
9.183812
9.119750
9.056340
8.993572
8.931437
8.869927
8.809032
8.748744
8.689053
8.629953
8.571433
8.513487
8.456106
8.399282
8.343008
8.287276
8.232079
8.177409
8.123260
8.069625
8.016495
7.963866
7.911730
7.860080
7.808910
7.758214
7.707986
7.658220
7.608909
7.560047
7.511630
7.463651
7.416105
7.368986
7.322288
7.276007
7.230138
7.184674
7.139612
7.094945
7.050670
7.006782
6.963275
6.920145
6.877387
6.834998
6.792971
6.751305
6.709993
6.669031
6.628416
6.588144
6.548210
6.508610
6.469341
6.430398
6.391778
6.353478
6.315492
6.277819
6.240454
6.203394
6.166635
6.130174
6.094007
6.058132
6.022544
5.987242
5.952221
5.917479
5.883012
5.848817
5.814892
5.781234
5.747839
5.714705
5.681828
5.649207
5.616839
5.584720
5.552848
5.521221
5.489836
5.458690
5.427780
5.397106
5.366663
5.336449
5.306463
5.276701
5.247162
5.217843
5.188743
5.159857
5.131186
5.102725
5.074474
5.046430
5.018592
4.990956
4.963521
4.936285
4.909246
4.882402
4.855752
4.829292
4.803022
4.776940
4.751043
4.725331
4.699800
4.674450
4.649279
4.624284
4.599465
4.574819
4.550346
4.526043
4.501908
4.477941
4.454139
4.430501
4.407026
4.383712
4.360557
4.337561
4.314721
4.292036
4.269505
4.247126
4.224898
4.202820
4.180890
4.159107
4.137470
4.115976
4.094626
4.073418
4.052349
4.031421
4.010630
3.989975
3.969457
3.949073
3.928822
3.908703
3.888714
3.868856
3.849126
3.829524
3.810048
3.790698
3.771471
3.752368
3.733388
3.714528
3.695788
3.677167
3.658665
3.640279
3.622010
3.603856
3.585816
3.567889
3.550074
3.532371
3.514779
3.497295
3.479921
3.462654
3.445494
3.428440
3.411491
3.394646
3.377905
3.361267
3.344730
3.328294
3.311958
3.295722
3.279584
3.263544
3.247601
3.231754
3.216003
3.200346
3.184784
3.169314
3.153937
3.138652
3.123458
3.108355
3.093341
3.078416
3.063579
3.048830
3.034168
3.019592
3.005102
2.990697
2.976376
2.962138
2.947984
2.933912
2.919922
2.906014
2.892185
2.878437
2.864768
2.851178
2.837666
2.824232
2.810875
2.797594
2.784389
2.771260
2.758205
2.745225
2.732318
2.719485
2.706724
2.694035
2.681418
2.668872
2.656397
2.643991
2.631655
2.619389
2.607190
2.595060
2.582998
2.571002
2.559074
2.547211
2.535414
2.523682
2.512015
2.500413
2.488874
2.477399
2.465987
2.454637
2.443349
2.432123
2.420959
2.409855
2.398811
2.387828
2.376904
2.366039
2.355233
2.344486
2.333796
2.323164
2.312590
2.302072
2.291610
2.281204
2.270855
2.260560
2.250320
2.240135
2.230004
2.219927
2.209904
2.199933
2.190016
2.180150
2.170337
2.160575
2.150865
2.141206
2.131598
2.122040
2.112532
2.103074
2.093665
2.084305
2.074994
2.065731
2.056517
2.047350
2.038231
2.029159
2.020134
2.011156
2.002224
1.993338
1.984497
1.975702
1.966953
1.958248
1.949587
1.940971
1.932399
1.923871
1.915386
1.906944
1.898545
1.890189
1.881876
1.873604
1.865374
1.857186
1.849039
1.840933
1.832868
1.824844
1.816860
1.808916
1.801012
1.793147
1.785322
1.777536
1.769788
1.762080
1.754410
1.746777
1.739183
1.731627
1.724108
1.716626
1.709181
1.701773
1.694402
1.687067
1.679768
1.672505
1.665278
1.658086
1.650930
1.643809
1.636722
1.629670
1.622653
1.615670
1.608721
1.601806
1.594924
1.588076
1.581261
1.574479
1.567730
1.561014
1.554331
1.547679
1.541060
1.534472
1.527917
1.521393
1.514900
1.508438
1.502008
1.495608
1.489239
1.482901
1.476593
1.470315
1.464067
1.457848
1.451660
1.445500
1.439370
1.433270
1.427198
1.421155
1.415140
1.409154
1.403197
1.397267
1.391366
1.385492
1.379646
1.373828
1.368037
1.362273
1.356536
1.350826
1.345143
1.339487
1.333857
1.328253
1.322676
1.317124
1.311599
1.306099
1.300625
1.295176
1.289753
1.284354
1.278981
1.273633
1.268310
1.263011
1.257736
1.252487
1.247261
1.242059
1.236882
1.231728
1.226598
1.221492
1.216409
1.211349
1.206313
1.201299
1.196309
1.191342
1.186397
1.181475
1.176575
1.171698
1.166843
1.162010
1.157199
1.152410
1.147643
1.142897
1.138173
1.133471
1.128789
1.124129
1.119490
1.114872
1.110275
1.105699
1.101143
1.096608
1.092094
1.087599
1.083125
1.078671
1.074237
1.069823
1.065429
1.061054
1.056699
1.052364
1.048048
1.043751
1.039474
1.035215
1.030976
1.026755
1.022554
1.018371
1.014206
1.010061
1.005933
1.001824
0.997733
