2800.000000
1432.171985
947.912566
704.104090
558.543790
462.127594
393.642992
342.510536
302.885609
271.281635
245.491031
224.048196
205.941944
190.452033
177.051533
165.346042
155.034485
145.883052
137.707409
130.360270
123.722536
117.696866
112.202922
107.173816
102.553410
98.294239
94.355900
90.703787
87.308086
84.142977
81.185983
78.417450
75.820116
73.378758
71.079899
68.911567
66.863089
64.924920
63.088499
61.346124
59.690847
58.116386
56.617045
55.187647
53.823481
52.520242
51.273999
50.081145
48.938371
47.842636
46.791135
45.781282
44.810687
43.877138
42.978584
42.113123
41.278985
40.474525
39.698208
38.948604
38.224376
37.524276
36.847132
36.191850
35.557401
34.942820
34.347199
33.769685
33.209475
32.665812
32.137981
31.625308
31.127157
30.642926
30.172045
29.713975
29.268205
28.834250
28.411651
27.999972
27.598798
27.207735
26.826409
26.454462
26.091555
25.737365
25.391583
25.053914
24.724078
24.401806
24.086843
23.778943
23.477873
23.183408
22.895334
22.613446
22.337547
22.067449
21.802970
21.543938
21.290186
21.041555
20.797890
20.559046
20.324880
20.095255
19.870043
19.649115
19.432351
19.219635
19.010853
18.805898
18.604665
18.407054
18.212967
18.022311
17.834996
17.650935
17.470042
17.292238
17.117443
16.945582
16.776580
16.610369
16.446877
16.286040
16.127794
15.972075
15.818824
15.667982
15.519493
15.373303
15.229359
15.087608
14.948001
14.810491
14.675029
14.541572
14.410073
14.280492
14.152785
14.026913
13.902837
13.780519
13.659921
13.541007
13.423743
13.308095
13.194029
13.081513
12.970517
12.861009
12.752961
12.646343
12.541127
12.437286
12.334793
12.233623
12.133750
12.035149
11.937797
11.841670
11.746746
11.653002
11.560416
11.468968
11.378637
11.289403
11.201245
11.114146
11.028086
10.943047
10.859011
10.775962
10.693881
10.612752
10.532559
10.453287
10.374919
10.297441
10.220838
10.145095
10.070198
9.996134
9.922888
9.850448
9.778801
9.707934
9.637835
9.568491
9.499891
9.432023
9.364876
9.298438
9.232699
9.167648
9.103275
9.039569
8.976520
8.914119
8.852356
8.791221
8.730705
8.670799
8.611495
8.552783
8.494655
8.437102
8.380117
8.323691
8.267817
8.212486
8.157691
8.103425
8.049680
7.996449
7.943725
7.891502
7.839771
7.788527
7.737763
7.687473
7.637650
7.588288
7.539381
7.490924
7.442909
7.395332
7.348186
7.301467
7.255168
7.209284
7.163811
7.118742
7.074072
7.029798
6.985913
6.942412
6.899292
6.856547
6.814173
6.772165
6.730519
6.689230
6.648294
6.607707
6.567464
6.527561
6.487995
6.448762
6.409856
6.371276
6.333016
6.295073
6.257443
6.220123
6.183110
6.146399
6.109987
6.073870
6.038046
6.002512
5.967263
5.932296
5.897609
5.863199
5.829062
5.795195
5.761595
5.728259
5.695185
5.662370
5.629810
5.597504
5.565447
5.533639
5.502075
5.470753
5.439672
5.408827
5.378218
5.347840
5.317692
5.287772
5.258077
5.228605
5.199353
5.170319
5.141501
5.112897
5.084504
5.056321
5.028345
5.000574
4.973006
4.945639
4.918471
4.891501
4.864725
4.838143
4.811752
4.785551
4.759537
4.733708
4.708064
4.682602
4.657320
4.632216
4.607290
4.582539
4.557961
4.533555
4.509320
4.485253
4.461353
4.437619
4.414048
4.390640
4.367393
4.344305
4.321376
4.298602
4.275984
4.253519
4.231206
4.209044
4.187032
4.165168
4.143450
4.121878
4.100449
4.079164
4.058020
4.037017
4.016152
3.995425
3.974835
3.954380
3.934059
3.913871
3.893815
3.873890
3.854094
3.834427
3.814887
3.795473
3.776184
3.757019
3.737977
3.719058
3.700259
3.681580
3.663019
3.644577
3.626251
3.608042
3.589947
3.571966
3.554098
3.536343
3.518698
3.501163
3.483738
3.466422
3.449212
3.432110
3.415113
3.398221
3.381433
3.364748
3.348166
3.331685
3.315305
3.299025
3.282844
3.266761
3.250776
3.234887
3.219095
3.203398
3.187795
3.172286
3.156870
3.141547
3.126314
3.111173
3.096122
3.081161
3.066288
3.051503
3.036805
3.022195
3.007670
2.993231
2.978876
2.964606
2.950419
2.936315
2.922293
2.908352
2.894493
2.880714
2.867015
2.853395
2.839853
2.826390
2.813003
2.799694
2.786461
2.773304
2.760222
2.747214
2.734281
2.721421
2.708634
2.695919
2.683276
2.670705
2.658205
2.645774
2.633414
2.621123
2.608901
2.596748
2.584662
2.572644
2.560692
2.548807
2.536988
2.525235
2.513546
2.501923
2.490363
2.478867
2.467434
2.456064
2.444756
2.433510
2.422326
2.411203
2.400140
2.389138
2.378196
2.367313
2.356488
2.345723
2.335016
2.324366
2.313774
2.303239
2.292760
2.282338
2.271972
2.261661
2.251405
2.241204
2.231058
2.220965
2.210926
2.200940
2.191007
2.181127
2.171299
2.161523
2.151799
2.142126
2.132503
2.122931
2.113410
2.103938
2.094516
2.085143
2.075819
2.066544
2.057317
2.048137
2.039006
2.029922
2.020885
2.011894
2.002950
1.994053
1.985201
1.976394
1.967633
1.958917
1.950246
1.941619
1.933036
1.924497
1.916002
1.907550
1.899141
1.890775
1.882451
1.874169
1.865930
1.857732
1.849576
1.841460
1.833386
1.825353
1.817359
1.809407
1.801494
1.793620
1.785786
1.777992
1.770236
1.762519
1.754840
1.747200
1.739598
1.732034
1.724507
1.717017
1.709565
1.702149
1.694771
1.687428
1.680122
1.672852
1.665618
1.658419
1.651256
1.644127
1.637034
1.629976
1.622952
1.615962
1.609006
1.602085
1.595197
1.588343
1.581522
1.574734
1.567979
1.561257
1.554567
1.547910
1.541285
1.534692
1.528131
1.521601
1.515103
1.508636
1.502201
1.495796
1.489421
1.483078
1.476765
1.470482
1.464229
1.458005
1.451812
1.445648
1.439513
1.433408
1.427332
1.421284
1.415265
1.409275
1.403313
1.397379
1.391473
1.385596
1.379746
1.373923
1.368128
1.362360
1.356619
1.350906
1.345219
1.339559
1.333925
1.328318
1.322736
1.317181
1.311652
1.306149
1.300671
1.295219
1.289793
1.284391
1.279015
1.273663
1.268337
1.263035
1.257757
1.252504
1.247276
1.242071
1.236890
1.231734
1.226601
1.221492
1.216406
1.211344
1.206305
1.201289
1.196296
1.191326
1.186378
1.181454
1.176552
1.171672
1.166814
1.161979
1.157166
1.152374
1.147605
1.142857
1.138131
1.133426
1.128743
1.124080
1.119439
1.114819
1.110220
1.105642
1.101084
1.096547
1.092030
1.087534
1.083058
1.078602
1.074166
1.069750
1.065354
1.060978
1.056621
1.052284
1.047967
1.043668
1.039389
1.035129
1.030888
1.026666
1.022463
1.018278
1.014113
1.009965
1.005837
1.001726
0.997634
