2800.000000
1426.651745
940.720884
696.484620
551.019496
454.922000
386.840928
336.131278
296.918109
265.701771
240.270038
219.156735
201.351977
186.137610
172.989031
161.514143
151.414029
142.456845
134.460021
127.277838
120.792586
114.908149
109.545273
104.638029
100.131125
95.977849
92.138468
88.578970
85.270076
82.186441
79.306018
76.609537
74.080084
71.702751
69.464346
67.353156
65.358744
63.471779
61.683898
59.987577
58.376035
56.843139
55.383335
53.991574
52.663262
51.394205
50.180572
49.018852
47.905823
46.838522
45.814222
44.830406
43.884750
42.975101
42.099467
41.255997
40.442973
39.658794
38.901970
38.171111
37.464919
36.782180
36.121759
35.482590
34.863676
34.264078
33.682918
33.119365
32.572640
32.042008
31.526775
31.026288
30.539927
30.067110
29.607282
29.159920
28.724529
28.300638
27.887801
27.485594
27.093615
26.711480
26.338828
25.975310
25.620597
25.274374
24.936343
24.606216
24.283722
23.968600
23.660600
23.359485
23.065027
22.777009
22.495222
22.219467
21.949552
21.685294
21.426517
21.173054
20.924741
20.681424
20.442953
20.209185
19.979983
19.755214
19.534750
19.318469
19.106252
18.897987
18.693564
18.492877
18.295824
18.102308
17.912234
17.725511
17.542051
17.361769
17.184583
17.010414
16.839185
16.670821
16.505253
16.342410
16.182226
16.024635
15.869576
15.716987
15.566811
15.418990
15.273468
15.130194
14.989114
14.850179
14.713341
14.578551
14.445765
14.314939
14.186028
14.058991
13.933788
13.810379
13.688727
13.568792
13.450541
13.333937
13.218947
13.105536
12.993674
12.883328
12.774468
12.667064
12.561088
12.456511
12.353305
12.251445
12.150904
12.051656
11.953678
11.856944
11.761432
11.667119
11.573983
11.482001
11.391154
11.301419
11.212777
11.125208
11.038693
10.953214
10.868751
10.785288
10.702807
10.621290
10.540722
10.461086
10.382366
10.304546
10.227612
10.151549
10.076342
10.001977
9.928441
9.855719
9.783799
9.712668
9.642312
9.572721
9.503880
9.435780
9.368407
9.301752
9.235801
9.170546
9.105975
9.042077
8.978842
8.916262
8.854324
8.793021
8.732342
8.672279
8.612821
8.553962
8.495691
8.438000
8.380881
8.324326
8.268326
8.212874
8.157962
8.103583
8.049729
7.996392
7.943566
7.891243
7.839417
7.788081
7.737228
7.686852
7.636946
7.587504
7.538519
7.489987
7.441900
7.394253
7.347040
7.300256
7.253895
7.207951
7.162419
7.117295
7.072572
7.028245
6.984310
6.940762
6.897596
6.854807
6.812390
6.770341
6.728656
6.687329
6.646357
6.605735
6.565459
6.525524
6.485928
6.446665
6.407732
6.369125
6.330839
6.292872
6.255219
6.217877
6.180843
6.144112
6.107681
6.071547
6.035706
6.000155
5.964891
5.929910
5.895210
5.860787
5.826637
5.792759
5.759149
5.725804
5.692721
5.659897
5.627330
5.595016
5.562954
5.531139
5.499570
5.468244
5.437158
5.406310
5.375698
5.345317
5.315168
5.285246
5.255550
5.226076
5.196824
5.167790
5.138973
5.110369
5.081978
5.053796
5.025822
4.998053
4.970488
4.943124
4.915960
4.888993
4.862221
4.835643
4.809256
4.783059
4.757050
4.731227
4.705587
4.680131
4.654854
4.629757
4.604837
4.580092
4.555521
4.531121
4.506893
4.482833
4.458940
4.435213
4.411650
4.388249
4.365010
4.341930
4.319008
4.296243
4.273632
4.251176
4.228872
4.206718
4.184714
4.162858
4.141149
4.119586
4.098167
4.076890
4.055755
4.034761
4.013905
3.993188
3.972607
3.952161
3.931849
3.911671
3.891624
3.871709
3.851922
3.832264
3.812734
3.793330
3.774051
3.754895
3.735863
3.716953
3.698164
3.679495
3.660944
3.642511
3.624196
3.605996
3.587911
3.569940
3.552082
3.534336
3.516701
3.499176
3.481761
3.464454
3.447254
3.430161
3.413174
3.396292
3.379514
3.362839
3.346266
3.329795
3.313424
3.297154
3.280982
3.264909
3.248934
3.233055
3.217272
3.201584
3.185991
3.170492
3.155085
3.139771
3.124548
3.109416
3.094374
3.079422
3.064558
3.049783
3.035095
3.020493
3.005978
2.991547
2.977202
2.962941
2.948763
2.934667
2.920654
2.906723
2.892872
2.879102
2.865412
2.851800
2.838268
2.824813
2.811435
2.798135
2.784910
2.771761
2.758688
2.745689
2.732764
2.719912
2.707133
2.694427
2.681792
2.669229
2.656737
2.644315
2.631963
2.619680
2.607466
2.595321
2.583243
2.571233
2.559289
2.547412
2.535601
2.523855
2.512174
2.500558
2.489006
2.477518
2.466092
2.454730
2.443430
2.432191
2.421014
2.409899
2.398843
2.387848
2.376913
2.366037
2.355220
2.344462
2.333762
2.323119
2.312534
2.302006
2.291534
2.281119
2.270759
2.260455
2.250206
2.240012
2.229872
2.219786
2.209754
2.199775
2.189849
2.179975
2.170153
2.160384
2.150666
2.140999
2.131383
2.121817
2.112302
2.102836
2.093421
2.084054
2.074736
2.065466
2.056245
2.047072
2.037947
2.028869
2.019837
2.010853
2.001915
1.993023
1.984177
1.975376
1.966621
1.957910
1.949245
1.940623
1.932046
1.923513
1.915023
1.906576
1.898173
1.889812
1.881493
1.873217
1.864983
1.856790
1.848639
1.840529
1.832460
1.824432
1.816444
1.808496
1.800588
1.792720
1.784891
1.777101
1.769350
1.761638
1.753964
1.746329
1.738732
1.731172
1.723650
1.716165
1.708718
1.701307
1.693933
1.686595
1.679293
1.672028
1.664798
1.657604
1.650445
1.643321
1.636232
1.629178
1.622158
1.615173
1.608222
1.601305
1.594421
1.587571
1.580754
1.573970
1.567220
1.560502
1.553816
1.547163
1.540542
1.533953
1.527396
1.520870
1.514376
1.507913
1.501481
1.495080
1.488710
1.482370
1.476061
1.469782
1.463532
1.457313
1.451123
1.444963
1.438832
1.432730
1.426658
1.420614
1.414598
1.408612
1.402653
1.396723
1.390821
1.384946
1.379100
1.373281
1.367489
1.361725
1.355987
1.350277
1.344593
1.338936
1.333306
1.327702
1.322124
1.316572
1.311047
1.305546
1.300072
1.294623
1.289199
1.283801
1.278428
1.273079
1.267756
1.262457
1.257182
1.251933
1.246707
1.241505
1.236328
1.231174
1.226044
1.220938
1.215855
1.210795
1.205759
1.200746
1.195756
1.190789
1.185844
1.180922
1.176023
1.171146
1.166291
1.161459
1.156648
1.151859
1.147092
1.142347
1.137624
1.132921
1.128241
1.123581
1.118942
1.114325
1.109728
1.105152
1.100597
1.096063
1.091548
1.087055
1.082581
1.078128
1.073694
1.069281
1.064887
1.060513
1.056159
1.051824
1.047509
1.043213
1.038936
1.034678
1.030439
1.026220
1.022019
1.017837
1.013673
1.009528
1.005401
1.001293
0.997203
