2800.000000
1433.818755
946.296254
700.886190
554.578627
457.846858
389.271952
338.168343
298.634948
267.154428
241.502120
220.202806
202.239844
186.889906
173.624364
162.047934
151.859154
142.824122
134.758597
127.515490
120.975966
115.042972
109.636481
104.689911
100.147428
95.961859
92.093081
88.506754
85.173313
82.067173
79.166078
76.450579
73.903606
71.510115
69.256797
67.131834
65.124698
63.225979
61.427239
59.720893
58.100103
56.558684
55.091036
53.692068
52.357148
51.082049
49.862906
48.696179
47.578621
46.507242
45.479292
44.492234
43.543720
42.631582
41.753807
40.908528
40.094009
39.308636
38.550904
37.819408
37.112837
36.429964
35.769641
35.130792
34.512408
33.913539
33.333296
32.770839
32.225378
31.696170
31.182512
30.683741
30.199230
29.728387
29.270653
28.825494
28.392409
27.970921
27.560575
27.160943
26.771616
26.392205
26.022341
25.661671
25.309861
24.966591
24.631557
24.304468
23.985047
23.673029
23.368161
23.070202
22.778919
22.494093
22.215510
21.942969
21.676275
21.415242
21.159690
20.909450
20.664357
20.424253
20.188987
19.958413
19.732392
19.510788
19.293474
19.080324
18.871220
18.666046
18.464690
18.267048
18.073015
17.882493
17.695385
17.511601
17.331051
17.153649
16.979313
16.807962
16.639520
16.473912
16.311066
16.150912
15.993384
15.838416
15.685945
15.535911
15.388254
15.242917
15.099847
14.958988
14.820289
14.683700
14.549173
14.416661
14.286117
14.157498
14.030760
13.905863
13.782765
13.661427
13.541812
13.423882
13.307601
13.192936
13.079851
12.968314
12.858292
12.749756
12.642674
12.537018
12.432758
12.329866
12.228317
12.128083
12.029139
11.931460
11.835021
11.739800
11.645772
11.552916
11.461209
11.370631
11.281160
11.192776
11.105460
11.019192
10.933953
10.849725
10.766491
10.684233
10.602933
10.522576
10.443144
10.364623
10.286996
10.210249
10.134366
10.059334
9.985138
9.911764
9.839200
9.767431
9.696445
9.626230
9.556773
9.488061
9.420084
9.352830
9.286288
9.220445
9.155293
9.090819
9.027014
8.963868
8.901371
8.839512
8.778283
8.717675
8.657677
8.598281
8.539478
8.481261
8.423619
8.366545
8.310032
8.254070
8.198652
8.143772
8.089420
8.035589
7.982274
7.929465
7.877158
7.825343
7.774016
7.723169
7.672797
7.622892
7.573448
7.524460
7.475921
7.427825
7.380168
7.332942
7.286143
7.239765
7.193802
7.148250
7.103102
7.058355
7.014003
6.970041
6.926464
6.883268
6.840447
6.797997
6.755914
6.714193
6.672830
6.631821
6.591160
6.550845
6.510870
6.471232
6.431927
6.392952
6.354301
6.315971
6.277959
6.240261
6.202874
6.165793
6.129015
6.092537
6.056355
6.020467
5.984868
5.949555
5.914526
5.879777
5.845305
5.811106
5.777179
5.743520
5.710125
5.676993
5.644120
5.611504
5.579141
5.547030
5.515166
5.483549
5.452174
5.421040
5.390144
5.359483
5.329056
5.298859
5.268890
5.239147
5.209628
5.180329
5.151250
5.122387
5.093739
5.065303
5.037077
5.009060
4.981248
4.953640
4.926234
4.899028
4.872020
4.845207
4.818589
4.792162
4.765926
4.739878
4.714017
4.688340
4.662847
4.637534
4.612401
4.587445
4.562666
4.538061
4.513628
4.489366
4.465274
4.441350
4.417592
4.393998
4.370568
4.347300
4.324191
4.301241
4.278448
4.255812
4.233329
4.210999
4.188821
4.166793
4.144914
4.123182
4.101596
4.080155
4.058858
4.037703
4.016688
3.995814
3.975078
3.954479
3.934016
3.913688
3.893493
3.873431
3.853501
3.833700
3.814029
3.794486
3.775069
3.755778
3.736612
3.717570
3.698650
3.679851
3.661173
3.642615
3.624175
3.605852
3.587646
3.569555
3.551579
3.533716
3.515966
3.498328
3.480800
3.463382
3.446074
3.428873
3.411779
3.394792
3.377910
3.361133
3.344459
3.327888
3.311420
3.295052
3.278785
3.262618
3.246549
3.230578
3.214705
3.198928
3.183247
3.167661
3.152169
3.136770
3.121464
3.106250
3.091128
3.076096
3.061154
3.046301
3.031536
3.016859
3.002270
2.987767
2.973349
2.959017
2.944769
2.930605
2.916525
2.902526
2.888610
2.874775
2.861021
2.847347
2.833753
2.820237
2.806800
2.793440
2.780158
2.766952
2.753822
2.740768
2.727788
2.714883
2.702052
2.689294
2.676608
2.663995
2.651454
2.638983
2.626584
2.614254
2.601994
2.589804
2.577681
2.565627
2.553641
2.541722
2.529869
2.518083
2.506362
2.494707
2.483116
2.471590
2.460128
2.448729
2.437393
2.426120
2.414909
2.403760
2.392671
2.381644
2.370677
2.359770
2.348923
2.338135
2.327405
2.316734
2.306121
2.295566
2.285067
2.274626
2.264240
2.253911
2.243638
2.233420
2.223256
2.213147
2.203093
2.193092
2.183144
2.173250
2.163408
2.153619
2.143881
2.134196
2.124561
2.114978
2.105445
2.095963
2.086530
2.077148
2.067814
2.058530
2.049294
2.040107
2.030968
2.021876
2.012832
2.003835
1.994885
1.985981
1.977124
1.968312
1.959546
1.950826
1.942150
1.933520
1.924934
1.916391
1.907893
1.899439
1.891028
1.882660
1.874334
1.866052
1.857811
1.849613
1.841456
1.833341
1.825267
1.817234
1.809242
1.801290
1.793379
1.785507
1.777675
1.769883
1.762129
1.754415
1.746740
1.739103
1.731504
1.723943
1.716420
1.708935
1.701487
1.694076
1.686702
1.679365
1.672064
1.664800
1.657571
1.650378
1.643221
1.636099
1.629012
1.621961
1.614944
1.607961
1.601013
1.594099
1.587219
1.580372
1.573559
1.566780
1.560033
1.553320
1.546639
1.539990
1.533374
1.526791
1.520239
1.513719
1.507230
1.500773
1.494347
1.487953
1.481589
1.475256
1.468953
1.462680
1.456438
1.450226
1.444044
1.437891
1.431768
1.425674
1.419609
1.413573
1.407566
1.401588
1.395638
1.389716
1.383823
1.377957
1.372119
1.366309
1.360527
1.354772
1.349044
1.343343
1.337670
1.332022
1.326402
1.320808
1.315240
1.309699
1.304183
1.298694
1.293230
1.287791
1.282379
1.276991
1.271629
1.266291
1.260979
1.255691
1.250428
1.245190
1.239975
1.234785
1.229619
1.224478
1.219359
1.214265
1.209194
1.204147
1.199122
1.194122
1.189144
1.184189
1.179257
1.174347
1.169460
1.164596
1.159754
1.154934
1.150136
1.145360
1.140606
1.135874
1.131163
1.126474
1.121806
1.117160
1.112534
1.107930
1.103347
1.098784
1.094242
1.089721
1.085220
1.080740
1.076280
1.071840
1.067420
1.063021
1.058641
1.054281
1.049940
1.045619
1.041317
1.037035
1.032772
1.028529
1.024304
1.020098
1.015911
1.011743
1.007593
1.003462
0.999350
