2800.000000
1432.963275
946.148640
700.959999
554.795975
458.203145
389.763702
338.784381
299.359072
267.968758
242.389331
221.147300
203.228204
187.910946
174.668953
163.108737
152.930354
143.901150
135.837895
128.594313
122.052209
116.115041
110.703177
105.750349
101.200962
97.008032
93.131581
89.537378
86.195944
83.081756
80.172607
77.449082
74.894137
72.492743
70.231603
68.098906
66.084127
64.177856
62.371654
60.657933
59.029848
57.481213
56.006420
54.600374
53.258437
51.976375
50.750320
49.576725
48.452338
47.374165
46.339452
45.345657
44.390430
43.471598
42.587146
41.735204
40.914035
40.122022
39.357658
38.619538
37.906350
37.216866
36.549937
35.904487
35.279507
34.674048
34.087220
33.518184
32.966151
32.430378
31.910164
31.404846
30.913799
30.436432
29.972185
29.520529
29.080962
28.653008
28.236215
27.830155
27.434421
27.048625
26.672399
26.305394
25.947274
25.597723
25.256436
24.923126
24.597515
24.279340
23.968350
23.664304
23.366971
23.076132
22.791576
22.513102
22.240515
21.973631
21.712272
21.456267
21.205454
20.959675
20.718780
20.482624
20.251067
20.023976
19.801223
19.582683
19.368237
19.157772
18.951175
18.748341
18.549168
18.353556
18.161411
17.972639
17.787153
17.604867
17.425698
17.249567
17.076396
16.906110
16.738638
16.573910
16.411859
16.252420
16.095528
15.941125
15.789149
15.639545
15.492257
15.347231
15.204415
15.063759
14.925213
14.788731
14.654267
14.521775
14.391214
14.262539
14.135712
14.010691
13.887440
13.765920
13.646095
13.527930
13.411390
13.296443
13.183056
13.071197
12.960835
12.851942
12.744487
12.638442
12.533781
12.430476
12.328501
12.227830
12.128440
12.030305
11.933403
11.837710
11.743204
11.649863
11.557667
11.466593
11.376623
11.287736
11.199914
11.113136
11.027386
10.942645
10.858896
10.776121
10.694304
10.613428
10.533479
10.454440
10.376295
10.299031
10.222632
10.147085
10.072376
9.998490
9.925416
9.853139
9.781647
9.710927
9.640968
9.571758
9.503285
9.435537
9.368503
9.302173
9.236535
9.171580
9.107297
9.043675
8.980706
8.918379
8.856685
8.795614
8.735158
8.675307
8.616053
8.557388
8.499302
8.441788
8.384838
8.328443
8.272596
8.217289
8.162515
8.108266
8.054536
8.001316
7.948601
7.896383
7.844655
7.793411
7.742645
7.692350
7.642520
7.593149
7.544231
7.495760
7.447730
7.400135
7.352970
7.306229
7.259908
7.214000
7.168500
7.123404
7.078705
7.034400
6.990484
6.946951
6.903796
6.861016
6.818605
6.776560
6.734875
6.693546
6.652570
6.611941
6.571656
6.531711
6.492101
6.452823
6.413873
6.375247
6.336941
6.298951
6.261274
6.223906
6.186844
6.150085
6.113624
6.077458
6.041584
6.005999
5.970700
5.935683
5.900945
5.866484
5.832295
5.798377
5.764725
5.731338
5.698212
5.665345
5.632734
5.600375
5.568267
5.536406
5.504790
5.473417
5.442283
5.411387
5.380726
5.350297
5.320097
5.290126
5.260379
5.230856
5.201552
5.172468
5.143599
5.114944
5.086501
5.058268
5.030242
5.002421
4.974804
4.947388
4.920171
4.893152
4.866328
4.839697
4.813258
4.787009
4.760947
4.735072
4.709380
4.683871
4.658543
4.633394
4.608422
4.583625
4.559003
4.534552
4.510272
4.486161
4.462217
4.438440
4.414826
4.391375
4.368086
4.344956
4.321984
4.299169
4.276510
4.254004
4.231651
4.209449
4.187397
4.165494
4.143737
4.122126
4.100660
4.079336
4.058155
4.037114
4.016212
3.995449
3.974823
3.954332
3.933976
3.913753
3.893662
3.873702
3.853872
3.834171
3.814598
3.795151
3.775830
3.756633
3.737559
3.718607
3.699777
3.681067
3.662476
3.644004
3.625648
3.607409
3.589285
3.571275
3.553379
3.535595
3.517922
3.500360
3.482908
3.465564
3.448328
3.431200
3.414177
3.397259
3.380446
3.363736
3.347129
3.330624
3.314220
3.297916
3.281711
3.265605
3.249597
3.233686
3.217871
3.202152
3.186528
3.170998
3.155560
3.140216
3.124963
3.109802
3.094731
3.079749
3.064857
3.050053
3.035337
3.020707
3.006164
2.991707
2.977335
2.963047
2.948843
2.934721
2.920683
2.906726
2.892850
2.879055
2.865340
2.851704
2.838148
2.824669
2.811268
2.797944
2.784697
2.771525
2.758429
2.745408
2.732461
2.719588
2.706788
2.694060
2.681405
2.668821
2.656309
2.643867
2.631495
2.619193
2.606959
2.594795
2.582698
2.570669
2.558707
2.546812
2.534983
2.523219
2.511521
2.499888
2.488318
2.476813
2.465371
2.453993
2.442676
2.431422
2.420229
2.409098
2.398028
2.387018
2.376068
2.365177
2.354346
2.343573
2.332859
2.322202
2.311604
2.301062
2.290577
2.280149
2.269777
2.259460
2.249198
2.238992
2.228840
2.218742
2.208698
2.198707
2.188769
2.178885
2.169052
2.159272
2.149543
2.139865
2.130239
2.120663
2.111138
2.101662
2.092237
2.082860
2.073533
2.064254
2.055024
2.045842
2.036708
2.027621
2.018581
2.009588
2.000642
1.991742
1.982888
1.974080
1.965317
1.956599
1.947926
1.939297
1.930713
1.922172
1.913675
1.905222
1.896812
1.888445
1.880120
1.871838
1.863597
1.855399
1.847242
1.839126
1.831051
1.823017
1.815024
1.807071
1.799158
1.791284
1.783450
1.775656
1.767900
1.760184
1.752506
1.744866
1.737264
1.729700
1.722174
1.714685
1.707234
1.699819
1.692441
1.685100
1.677795
1.670526
1.663293
1.656095
1.648933
1.641807
1.634715
1.627658
1.620635
1.613647
1.606693
1.599774
1.592888
1.586035
1.579216
1.572430
1.565677
1.558957
1.552270
1.545615
1.538992
1.532401
1.525842
1.519315
1.512820
1.506355
1.499922
1.493520
1.487148
1.480807
1.474497
1.468216
1.461966
1.455746
1.449555
1.443394
1.437262
1.431160
1.425087
1.419042
1.413026
1.407039
1.401080
1.395150
1.389247
1.383373
1.377526
1.371707
1.365915
1.360151
1.354414
1.348703
1.343020
1.337363
1.331733
1.326129
1.320552
1.315000
1.309475
1.303975
1.298501
1.293053
1.287630
1.282232
1.276860
1.271512
1.266189
1.260891
1.255618
1.250369
1.245144
1.239944
1.234767
1.229615
1.224486
1.219381
1.214299
1.209241
1.204206
1.199194
1.194205
1.189239
1.184296
1.179376
1.174478
1.169602
1.164749
1.159918
1.155109
1.150322
1.145557
1.140813
1.136091
1.131391
1.126712
1.122054
1.117418
1.112802
1.108207
1.103633
1.099080
1.094547
1.090035
1.085543
1.081072
1.076620
1.072189
1.067778
1.063386
1.059015
1.054662
1.050330
1.046017
1.041723
1.037448
1.033193
1.028957
1.024739
1.020541
1.016361
1.012199
1.008057
1.003933
0.999827
