350
178.331
117.59
87.0606
68.8774
56.8653
48.3551
42.0164
37.1148
33.2127
30.0338
27.3946
25.169
23.2672
21.6236
20.1893
18.9268
17.8071
16.8075
15.9097
15.0991
14.3635
13.6932
13.0798
12.5164
11.9972
11.5173
11.0724
10.6588
10.2733
9.91325
9.57619
9.26001
8.96284
8.68304
8.41914
8.16984
7.93397
7.71049
7.49845
7.297
7.10539
6.92292
6.74895
6.58291
6.42428
6.27257
6.12736
5.98823
5.85482
5.72678
5.6038
5.48559
5.37189
5.26243
5.157
5.05537
4.95735
4.86275
4.77139
4.68311
4.59777
4.51522
4.43532
4.35796
4.28301
4.21036
4.13992
4.07158
4.00525
3.94085
3.87829
3.81749
3.75839
3.70091
3.64499
3.59057
3.53758
3.48598
3.4357
3.3867
3.33894
3.29235
3.24691
3.20257
3.1593
3.11704
3.07578
3.03547
2.99607
2.95757
2.91994
2.88313
2.84713
2.8119
2.77743
2.74369
2.71066
2.67831
2.64663
2.61559
2.58518
2.55537
2.52615
2.4975
2.4694
2.44184
2.41481
2.38828
2.36225
2.3367
2.31161
2.28698
2.26279
2.23903
2.21569
2.19276
2.17022
2.14807
2.1263
2.1049
2.08385
2.06316
2.0428
2.02278
2.00308
1.9837
1.96462
1.94585
1.92737
1.90918
1.89127
1.87364
1.85627
1.83917
1.82232
1.80572
1.78937
1.77325
1.75737
1.74172
1.7263
1.71109
1.6961
1.68132
1.66674
1.65237
1.63819
1.62421
1.61042
1.59681
1.58338
1.57014
1.55706
1.54416
1.53143
1.51886
1.50646
1.49421
1.48212
1.47018
1.45839
1.44675
1.43525
1.42389
1.41268
1.4016
1.39065
1.37984
1.36915
1.35859
1.34816
1.33785
1.32766
1.31759
1.30764
1.2978
1.28807
1.27845
1.26894
1.25954
1.25025
1.24106
1.23196
1.22297
1.21408
1.20529
1.19659
1.18799
1.17947
1.17105
1.16272
1.15448
1.14632
1.13825
1.13026
1.12236
1.11453
1.10679
1.09913
1.09154
1.08403
1.0766
1.06925
1.06196
1.05475
1.04761
1.04054
1.03354
1.02661
1.01975
1.01295
1.00622
0.999549
0.992946
0.986405
0.979927
0.97351
0.967153
0.960857
0.954618
0.948438
0.942315
0.936248
0.930238
0.924282
0.91838
0.912532
0.906737
0.900994
0.895302
0.889662
0.884072
0.878531
0.873039
0.867595
0.8622
0.856851
0.851549
0.846293
0.841082
0.835916
0.830795
0.825717
0.820682
0.81569
0.810741
0.805833
0.800967
0.796141
0.791355
0.786609
0.781902
0.777235
0.772605
0.768014
0.76346
0.758943
0.754463
0.750019
0.745611
0.741239
0.736901
0.732598
0.72833
0.724095
0.719894
0.715726
0.71159
0.707487
0.703416
0.699377
0.695369
0.691392
0.687446
0.683531
0.679645
0.675789
0.671962
0.668165
0.664396
0.660656
0.656944
0.653259
0.649603
0.645974
0.642372
0.638796
0.635247
0.631725
0.628228
0.624757
0.621311
0.617891
0.614495
0.611124
0.607778
0.604455
0.601157
0.597882
0.594631
0.591403
0.588198
0.585016
0.581857
0.57872
0.575605
0.572511
0.56944
0.56639
0.563362
0.560354
0.557368
0.554402
0.551456
0.548531
0.545626
0.542741
0.539876
0.53703
0.534204
0.531397
0.528609
0.52584
0.523089
0.520357
0.517644
0.514948
0.512271
0.509611
0.506969
0.504345
0.501738
0.499148
0.496576
0.49402
0.491481
0.488959
0.486453
0.483964
0.48149
0.479033
0.476592
0.474166
0.471756
0.469362
0.466983
0.464619
0.46227
0.459937
0.457618
0.455314
0.453024
0.45075
0.448489
0.446242
0.44401
0.441792
0.439588
0.437397
0.43522
0.433057
0.430907
0.42877
0.426647
0.424536
0.422439
0.420355
0.418283
0.416224
0.414178
0.412144
0.410123
0.408114
0.406117
0.404132
0.402159
0.400198
0.398249
0.396311
0.394386
0.392471
0.390568
0.388677
0.386797
0.384928
0.38307
0.381223
0.379387
0.377562
0.375747
0.373943
0.37215
0.370368
0.368595
0.366833
0.365082
0.36334
0.361609
0.359888
0.358177
0.356475
0.354783
0.353102
0.351429
0.349767
0.348114
0.34647
0.344836
0.343211
0.341595
0.339989
0.338392
0.336803
0.335224
0.333654
0.332092
0.330539
0.328995
0.32746
0.325933
0.324415
0.322905
0.321404
0.319911
0.318427
0.31695
0.315482
0.314022
0.31257
0.311126
0.30969
0.308262
0.306841
0.305429
0.304024
0.302627
0.301237
0.299855
0.298481
0.297114
0.295755
0.294403
0.293058
0.29172
0.29039
0.289067
0.287751
0.286442
0.28514
0.283845
0.282557
0.281276
0.280002
0.278734
0.277473
0.276219
0.274972
0.273731
0.272497
0.271269
0.270048
0.268833
0.267625
0.266423
0.265227
0.264038
0.262854
0.261678
0.260507
0.259342
0.258183
0.257031
0.255884
0.254743
0.253609
0.25248
0.251357
0.250239
0.249128
0.248022
0.246922
0.245828
0.244739
0.243656
0.242578
0.241506
0.240439
0.239378
0.238322
0.237272
0.236227
0.235187
0.234152
0.233123
0.232099
0.23108
0.230066
0.229057
0.228054
0.227055
0.226062
0.225074
0.22409
0.223111
0.222138
0.221169
0.220205
0.219246
0.218291
0.217341
0.216396
0.215456
0.214521
0.21359
0.212663
0.211742
0.210824
0.209912
0.209004
0.2081
0.207201
0.206306
0.205415
0.204529
0.203647
0.20277
0.201897
0.201028
0.200163
0.199303
0.198446
0.197594
0.196746
0.195903
0.195063
0.194227
0.193395
0.192568
0.191744
0.190924
0.190109
0.189297
0.188489
0.187685
0.186885
0.186089
0.185296
0.184508
0.183723
0.182942
0.182164
0.18139
0.18062
0.179854
0.179091
0.178332
0.177577
0.176825
0.176076
0.175332
0.17459
0.173853
0.173118
0.172387
0.17166
0.170936
0.170216
0.169498
0.168785
0.168074
0.167367
0.166663
0.165963
0.165266
0.164572
0.163881
0.163193
0.162509
0.161828
0.16115
0.160475
0.159803
0.159135
0.15847
0.157807
0.157148
0.156492
0.155838
0.155188
0.154541
0.153897
0.153255
0.152617
0.151982
0.151349
0.15072
0.150093
0.14947
0.148849
0.14823
0.147615
0.147003
0.146393
0.145786
0.145182
0.144581
0.143982
0.143387
0.142793
0.142203
0.141615
0.14103
0.140448
0.139868
0.139291
0.138716
0.138144
0.137575
0.137008
0.136443
0.135882
0.135323
0.134766
0.134212
0.13366
0.133111
0.132564
0.13202
0.131478
0.130939
0.130402
0.129867
0.129335
0.128805
0.128277
0.127752
0.12723
0.126709
0.126191
0.125675
0.125162
0.12465
0.129934
0.129402
0.128872
0.128344
0.127819
0.127296
0.126776
0.126258
0.125742
0.125228
0.124717
